   0.9230651855    0.6940002441    0.1072082520
   0.2179870605    0.9107971191    0.7341613770
   0.7179870605    0.4107971191    0.2341613770
   0.4679870605    0.1607971191    0.9841613770
   0.9679870605    0.6607971191    0.4841613770
   0.0929870605    0.0357971191    0.3591613770
   0.5929870605    0.5357971191    0.8591613770
   0.3429870605    0.7857971191    0.1091613770
   0.8429870605    0.2857971191    0.6091613770
   0.5304870605    0.4732971191    0.5466613770
   0.0304870605    0.9732971191    0.0466613770
   0.7804870605    0.7232971191    0.7966613770
   0.2804870605    0.2232971191    0.2966613770
   0.6554870605    0.5982971191    0.4216613770
   0.1554870605    0.0982971191    0.9216613770
   0.9054870605    0.3482971191    0.1716613770
   0.4054870605    0.8482971191    0.6716613770
   0.3742370605    0.6295471191    0.8904113770
   0.8742370605    0.1295471191    0.3904113770
   0.1242370605    0.3795471191    0.6404113770
   0.6242370605    0.8795471191    0.1404113770
   0.4992370605    0.2545471191    0.0154113770
   0.9992370605    0.7545471191    0.5154113770
   0.2492370605    0.5045471191    0.2654113770
   0.7492370605    0.0045471191    0.7654113770
   0.9367370605    0.1920471191    0.8279113770
   0.4367370605    0.6920471191    0.3279113770
   0.6867370605    0.9420471191    0.5779113770
   0.1867370605    0.4420471191    0.0779113770
   0.8117370605    0.8170471191    0.2029113770
   0.3117370605    0.3170471191    0.7029113770
   0.5617370605    0.0670471191    0.4529113770
   0.0617370605    0.5670471191    0.9529113770
   0.6398620605    0.3639221191    0.1247863770
   0.1398620605    0.8639221191    0.6247863770
   0.8898620605    0.6139221191    0.3747863770
   0.3898620605    0.1139221191    0.8747863770
   0.5148620605    0.7389221191    0.9997863770
   0.0148620605    0.2389221191    0.4997863770
   0.7648620605    0.4889221191    0.7497863770
   0.2648620605    0.9889221191    0.2497863770
   0.0773620605    0.8014221191    0.1872863770
   0.5773620605    0.3014221191    0.6872863770
   0.3273620605    0.0514221191    0.4372863770
   0.8273620605    0.5514221191    0.9372863770
   0.2023620605    0.1764221191    0.8122863770
   0.7023620605    0.6764221191    0.3122863770
   0.4523620605    0.9264221191    0.5622863770
   0.9523620605    0.4264221191    0.0622863770
   0.7961120605    0.0826721191    0.2810363770
   0.2961120605    0.5826721191    0.7810363770
   0.5461120605    0.8326721191    0.0310363770
   0.0461120605    0.3326721191    0.5310363770
   0.9211120605    0.9576721191    0.6560363770
   0.4211120605    0.4576721191    0.1560363770
   0.6711120605    0.2076721191    0.9060363770
   0.1711120605    0.7076721191    0.4060363770
   0.4836120605    0.5201721191    0.4685363770
   0.9836120605    0.0201721191    0.9685363770
   0.2336120605    0.2701721191    0.2185363770
   0.7336120605    0.7701721191    0.7185363770
   0.3586120605    0.3951721191    0.5935363770
   0.8586120605    0.8951721191    0.0935363770
   0.1086120605    0.6451721191    0.8435363770
   0.6086120605    0.1451721191    0.3435363770
   0.9757995605    0.8717346191    0.3982238770
   0.4757995605    0.3717346191    0.8982238770
   0.7257995605    0.1217346191    0.1482238770
   0.2257995605    0.6217346191    0.6482238770
   0.8507995605    0.2467346191    0.5232238770
   0.3507995605    0.7467346191    0.0232238770
   0.6007995605    0.9967346191    0.7732238770
   0.1007995605    0.4967346191    0.2732238770
   0.2882995605    0.3092346191    0.3357238770
   0.7882995605    0.8092346191    0.8357238770
   0.0382995605    0.5592346191    0.0857238770
   0.5382995605    0.0592346191    0.5857238770
   0.4132995605    0.6842346191    0.7107238770
   0.9132995605    0.1842346191    0.2107238770
   0.1632995605    0.4342346191    0.9607238770
   0.6632995605    0.9342346191    0.4607238770
   0.5695495605    0.5904846191    0.2419738770
   0.0695495605    0.0904846191    0.7419738770
   0.8195495605    0.3404846191    0.4919738770
   0.3195495605    0.8404846191    0.9919738770
   0.6945495605    0.4654846191    0.8669738770
   0.1945495605    0.9654846191    0.3669738770
   0.9445495605    0.7154846191    0.6169738770
   0.4445495605    0.2154846191    0.1169738770
   0.1320495605    0.0279846191    0.0544738770
   0.6320495605    0.5279846191    0.5544738770
   0.3820495605    0.7779846191    0.3044738770
   0.8820495605    0.2779846191    0.8044738770
   0.0070495605    0.9029846191    0.9294738770
   0.5070495605    0.4029846191    0.4294738770
   0.2570495605    0.1529846191    0.6794738770
   0.7570495605    0.6529846191    0.1794738770
   0.4289245605    0.4186096191    0.7575988770
   0.9289245605    0.9186096191    0.2575988770
   0.1789245605    0.6686096191    0.5075988770
   0.6789245605    0.1686096191    0.0075988770
   0.3039245605    0.5436096191    0.1325988770
   0.8039245605    0.0436096191    0.6325988770
   0.0539245605    0.2936096191    0.3825988770
   0.5539245605    0.7936096191    0.8825988770
   0.8664245605    0.9811096191    0.9450988770
   0.3664245605    0.4811096191    0.4450988770
   0.6164245605    0.2311096191    0.6950988770
   0.1164245605    0.7311096191    0.1950988770
   0.9914245605    0.1061096191    0.0700988770
   0.4914245605    0.6061096191    0.5700988770
   0.7414245605    0.8561096191    0.3200988770
   0.2414245605    0.3561096191    0.8200988770
   0.0226745605    0.1373596191    0.6013488770
   0.5226745605    0.6373596191    0.1013488770
   0.2726745605    0.8873596191    0.8513488770
   0.7726745605    0.3873596191    0.3513488770
   0.1476745605    0.7623596191    0.4763488770
   0.6476745605    0.2623596191    0.9763488770
   0.3976745605    0.0123596191    0.2263488770
   0.8976745605    0.5123596191    0.7263488770
   0.7101745605    0.6998596191    0.6638488770
   0.2101745605    0.1998596191    0.1638488770
   0.9601745605    0.4498596191    0.9138488770
   0.4601745605    0.9498596191    0.4138488770
   0.5851745605    0.3248596191    0.2888488770
   0.0851745605    0.8248596191    0.7888488770
   0.8351745605    0.5748596191    0.0388488770
   0.3351745605    0.0748596191    0.5388488770
   0.7765808105    0.6178283691    0.8161926270
   0.2765808105    0.1178283691    0.3161926270
   0.5265808105    0.3678283691    0.5661926270
   0.0265808105    0.8678283691    0.0661926270
   0.9015808105    0.4928283691    0.1911926270
   0.4015808105    0.9928283691    0.6911926270
   0.6515808105    0.7428283691    0.4411926270
   0.1515808105    0.2428283691    0.9411926270
   0.4640808105    0.0553283691    0.8786926270
   0.9640808105    0.5553283691    0.3786926270
   0.2140808105    0.8053283691    0.6286926270
   0.7140808105    0.3053283691    0.1286926270
   0.3390808105    0.9303283691    0.0036926270
   0.8390808105    0.4303283691    0.5036926270
   0.0890808105    0.1803283691    0.2536926270
   0.5890808105    0.6803283691    0.7536926270
   0.6828308105    0.8365783691    0.5349426270
   0.1828308105    0.3365783691    0.0349426270
   0.9328308105    0.0865783691    0.7849426270
   0.4328308105    0.5865783691    0.2849426270
   0.5578308105    0.2115783691    0.4099426270
   0.0578308105    0.7115783691    0.9099426270
   0.8078308105    0.9615783691    0.1599426270
   0.3078308105    0.4615783691    0.6599426270
   0.1203308105    0.2740783691    0.7224426270
   0.6203308105    0.7740783691    0.2224426270
   0.3703308105    0.5240783691    0.9724426270
   0.8703308105    0.0240783691    0.4724426270
   0.2453308105    0.6490783691    0.3474426270
   0.7453308105    0.1490783691    0.8474426270
   0.4953308105    0.3990783691    0.0974426270
   0.9953308105    0.8990783691    0.5974426270
   0.3234558105    0.1647033691    0.4568176270
   0.8234558105    0.6647033691    0.9568176270
   0.0734558105    0.9147033691    0.2068176270
   0.5734558105    0.4147033691    0.7068176270
   0.4484558105    0.7897033691    0.5818176270
   0.9484558105    0.2897033691    0.0818176270
   0.1984558105    0.0397033691    0.8318176270
   0.6984558105    0.5397033691    0.3318176270
   0.8859558105    0.7272033691    0.2693176270
   0.3859558105    0.2272033691    0.7693176270
   0.6359558105    0.4772033691    0.0193176270
   0.1359558105    0.9772033691    0.5193176270
   0.7609558105    0.3522033691    0.6443176270
   0.2609558105    0.8522033691    0.1443176270
   0.5109558105    0.6022033691    0.8943176270
   0.0109558105    0.1022033691    0.3943176270
   0.2297058105    0.3834533691    0.1755676270
   0.7297058105    0.8834533691    0.6755676270
   0.4797058105    0.6334533691    0.4255676270
   0.9797058105    0.1334533691    0.9255676270
   0.1047058105    0.5084533691    0.8005676270
   0.6047058105    0.0084533691    0.3005676270
   0.3547058105    0.2584533691    0.5505676270
   0.8547058105    0.7584533691    0.0505676270
   0.5422058105    0.9459533691    0.1130676270
   0.0422058105    0.4459533691    0.6130676270
   0.7922058105    0.1959533691    0.3630676270
   0.2922058105    0.6959533691    0.8630676270
   0.6672058105    0.0709533691    0.9880676270
   0.1672058105    0.5709533691    0.4880676270
   0.9172058105    0.8209533691    0.7380676270
   0.4172058105    0.3209533691    0.2380676270
   0.0343933105    0.6568908691    0.0583801270
   0.5343933105    0.1568908691    0.5583801270
   0.2843933105    0.4068908691    0.3083801270
   0.7843933105    0.9068908691    0.8083801270
   0.1593933105    0.2818908691    0.9333801270
   0.6593933105    0.7818908691    0.4333801270
   0.4093933105    0.5318908691    0.6833801270
   0.9093933105    0.0318908691    0.1833801270
   0.7218933105    0.2193908691    0.2458801270
   0.2218933105    0.7193908691    0.7458801270
   0.9718933105    0.9693908691    0.4958801270
   0.4718933105    0.4693908691    0.9958801270
   0.5968933105    0.8443908691    0.8708801270
   0.0968933105    0.3443908691    0.3708801270
   0.8468933105    0.0943908691    0.6208801270
   0.3468933105    0.5943908691    0.1208801270
   0.3781433105    0.8756408691    0.3396301270
   0.8781433105    0.3756408691    0.8396301270
   0.1281433105    0.1256408691    0.0896301270
   0.6281433105    0.6256408691    0.5896301270
   0.2531433105    0.0006408691    0.7146301270
   0.7531433105    0.5006408691    0.2146301270
   0.0031433105    0.7506408691    0.9646301270
   0.5031433105    0.2506408691    0.4646301270
   0.8156433105    0.4381408691    0.4021301270
   0.3156433105    0.9381408691    0.9021301270
   0.5656433105    0.6881408691    0.1521301270
   0.0656433105    0.1881408691    0.6521301270
   0.9406433105    0.5631408691    0.5271301270
   0.4406433105    0.0631408691    0.0271301270
   0.6906433105    0.3131408691    0.7771301270
   0.1906433105    0.8131408691    0.2771301270
   0.6125183105    0.1100158691    0.6677551270
   0.1125183105    0.6100158691    0.1677551270
   0.8625183105    0.8600158691    0.9177551270
   0.3625183105    0.3600158691    0.4177551270
   0.7375183105    0.9850158691    0.2927551270
   0.2375183105    0.4850158691    0.7927551270
   0.9875183105    0.2350158691    0.0427551270
   0.4875183105    0.7350158691    0.5427551270
   0.1750183105    0.5475158691    0.6052551270
   0.6750183105    0.0475158691    0.1052551270
   0.4250183105    0.2975158691    0.8552551270
   0.9250183105    0.7975158691    0.3552551270
   0.0500183105    0.4225158691    0.4802551270
   0.5500183105    0.9225158691    0.9802551270
   0.3000183105    0.6725158691    0.2302551270
   0.8000183105    0.1725158691    0.7302551270
   0.9562683105    0.3287658691    0.9490051270
   0.4562683105    0.8287658691    0.4490051270
   0.7062683105    0.5787658691    0.6990051270
   0.2062683105    0.0787658691    0.1990051270
   0.8312683105    0.7037658691    0.0740051270
   0.3312683105    0.2037658691    0.5740051270
   0.5812683105    0.4537658691    0.3240051270
   0.0812683105    0.9537658691    0.8240051270
   0.2687683105    0.7662658691    0.7615051270
   0.7687683105    0.2662658691    0.2615051270
   0.0187683105    0.0162658691    0.5115051270
   0.5187683105    0.5162658691    0.0115051270
   0.3937683105    0.1412658691    0.1365051270
   0.8937683105    0.6412658691    0.6365051270
   0.1437683105    0.8912658691    0.3865051270
   0.6437683105    0.3912658691    0.8865051270
   0.3498229980    0.8512268066    0.1960754395
   0.8498229980    0.3512268066    0.6960754395
   0.0998229980    0.1012268066    0.4460754395
   0.5998229980    0.6012268066    0.9460754395
   0.4748229980    0.2262268066    0.8210754395
   0.9748229980    0.7262268066    0.3210754395
   0.2248229980    0.9762268066    0.5710754395
   0.7248229980    0.4762268066    0.0710754395
   0.9123229980    0.2887268066    0.0085754395
   0.4123229980    0.7887268066    0.5085754395
   0.6623229980    0.5387268066    0.2585754395
   0.1623229980    0.0387268066    0.7585754395
   0.7873229980    0.6637268066    0.8835754395
   0.2873229980    0.1637268066    0.3835754395
   0.5373229980    0.4137268066    0.6335754395
   0.0373229980    0.9137268066    0.1335754395
   0.1935729980    0.5699768066    0.4148254395
   0.6935729980    0.0699768066    0.9148254395
   0.4435729980    0.3199768066    0.1648254395
   0.9435729980    0.8199768066    0.6648254395
   0.0685729980    0.4449768066    0.5398254395
   0.5685729980    0.9449768066    0.0398254395
   0.3185729980    0.6949768066    0.7898254395
   0.8185729980    0.1949768066    0.2898254395
   0.5060729980    0.0074768066    0.3523254395
   0.0060729980    0.5074768066    0.8523254395
   0.7560729980    0.7574768066    0.1023254395
   0.2560729980    0.2574768066    0.6023254395
   0.6310729980    0.8824768066    0.7273254395
   0.1310729980    0.3824768066    0.2273254395
   0.8810729980    0.1324768066    0.9773254395
   0.3810729980    0.6324768066    0.4773254395
   0.8029479980    0.4293518066    0.5867004395
   0.3029479980    0.9293518066    0.0867004395
   0.5529479980    0.6793518066    0.8367004395
   0.0529479980    0.1793518066    0.3367004395
   0.9279479980    0.5543518066    0.4617004395
   0.4279479980    0.0543518066    0.9617004395
   0.6779479980    0.3043518066    0.2117004395
   0.1779479980    0.8043518066    0.7117004395
   0.4904479980    0.9918518066    0.6492004395
   0.9904479980    0.4918518066    0.1492004395
   0.2404479980    0.2418518066    0.8992004395
   0.7404479980    0.7418518066    0.3992004395
   0.3654479980    0.1168518066    0.2742004395
   0.8654479980    0.6168518066    0.7742004395
   0.1154479980    0.8668518066    0.0242004395
   0.6154479980    0.3668518066    0.5242004395
   0.6466979980    0.1481018066    0.8054504395
   0.1466979980    0.6481018066    0.3054504395
   0.8966979980    0.8981018066    0.5554504395
   0.3966979980    0.3981018066    0.0554504395
   0.5216979980    0.7731018066    0.1804504395
   0.0216979980    0.2731018066    0.6804504395
   0.7716979980    0.0231018066    0.4304504395
   0.2716979980    0.5231018066    0.9304504395
   0.0841979980    0.7106018066    0.9929504395
   0.5841979980    0.2106018066    0.4929504395
   0.3341979980    0.4606018066    0.7429504395
   0.8341979980    0.9606018066    0.2429504395
   0.2091979980    0.3356018066    0.1179504395
   0.7091979980    0.8356018066    0.6179504395
   0.4591979980    0.5856018066    0.3679504395
   0.9591979980    0.0856018066    0.8679504395
   0.5920104980    0.9371643066    0.9226379395
   0.0920104980    0.4371643066    0.4226379395
   0.8420104980    0.1871643066    0.6726379395
   0.3420104980    0.6871643066    0.1726379395
   0.7170104980    0.0621643066    0.0476379395
   0.2170104980    0.5621643066    0.5476379395
   0.9670104980    0.8121643066    0.2976379395
   0.4670104980    0.3121643066    0.7976379395
   0.1545104980    0.4996643066    0.8601379395
   0.6545104980    0.9996643066    0.3601379395
   0.4045104980    0.7496643066    0.6101379395
   0.9045104980    0.2496643066    0.1101379395
   0.0295104980    0.6246643066    0.2351379395
   0.5295104980    0.1246643066    0.7351379395
   0.2795104980    0.3746643066    0.4851379395
   0.7795104980    0.8746643066    0.9851379395
   0.9982604980    0.6559143066    0.7038879395
   0.4982604980    0.1559143066    0.2038879395
   0.7482604980    0.4059143066    0.9538879395
   0.2482604980    0.9059143066    0.4538879395
   0.8732604980    0.2809143066    0.3288879395
   0.3732604980    0.7809143066    0.8288879395
   0.6232604980    0.5309143066    0.0788879395
   0.1232604980    0.0309143066    0.5788879395
   0.3107604980    0.2184143066    0.5163879395
   0.8107604980    0.7184143066    0.0163879395
   0.0607604980    0.9684143066    0.7663879395
   0.5607604980    0.4684143066    0.2663879395
   0.4357604980    0.8434143066    0.3913879395
   0.9357604980    0.3434143066    0.8913879395
   0.1857604980    0.0934143066    0.1413879395
   0.6857604980    0.5934143066    0.6413879395
   0.0138854980    0.3590393066    0.2820129395
   0.5138854980    0.8590393066    0.7820129395
   0.2638854980    0.6090393066    0.0320129395
   0.7638854980    0.1090393066    0.5320129395
   0.1388854980    0.7340393066    0.6570129395
   0.6388854980    0.2340393066    0.1570129395
   0.3888854980    0.4840393066    0.9070129395
   0.8888854980    0.9840393066    0.4070129395
   0.7013854980    0.7965393066    0.4695129395
   0.2013854980    0.2965393066    0.9695129395
   0.9513854980    0.0465393066    0.2195129395
   0.4513854980    0.5465393066    0.7195129395
   0.5763854980    0.1715393066    0.5945129395
   0.0763854980    0.6715393066    0.0945129395
   0.8263854980    0.9215393066    0.8445129395
   0.3263854980    0.4215393066    0.3445129395
   0.4201354980    0.0777893066    0.0632629395
   0.9201354980    0.5777893066    0.5632629395
   0.1701354980    0.8277893066    0.3132629395
   0.6701354980    0.3277893066    0.8132629395
   0.2951354980    0.9527893066    0.9382629395
   0.7951354980    0.4527893066    0.4382629395
   0.0451354980    0.2027893066    0.6882629395
   0.5451354980    0.7027893066    0.1882629395
   0.8576354980    0.5152893066    0.1257629395
   0.3576354980    0.0152893066    0.6257629395
   0.6076354980    0.2652893066    0.3757629395
   0.1076354980    0.7652893066    0.8757629395
   0.9826354980    0.3902893066    0.7507629395
   0.4826354980    0.8902893066    0.2507629395
   0.7326354980    0.6402893066    0.5007629395
   0.2326354980    0.1402893066    0.0007629395
   0.6584167480    0.6832580566    0.3484191895
   0.1584167480    0.1832580566    0.8484191895
   0.9084167480    0.4332580566    0.0984191895
   0.4084167480    0.9332580566    0.5984191895
   0.5334167480    0.3082580566    0.7234191895
   0.0334167480    0.8082580566    0.2234191895
   0.7834167480    0.5582580566    0.9734191895
   0.2834167480    0.0582580566    0.4734191895
   0.0959167480    0.2457580566    0.4109191895
   0.5959167480    0.7457580566    0.9109191895
   0.3459167480    0.9957580566    0.1609191895
   0.8459167480    0.4957580566    0.6609191895
   0.2209167480    0.8707580566    0.5359191895
   0.7209167480    0.3707580566    0.0359191895
   0.4709167480    0.1207580566    0.7859191895
   0.9709167480    0.6207580566    0.2859191895
   0.7521667480    0.9020080566    0.0046691895
   0.2521667480    0.4020080566    0.5046691895
   0.5021667480    0.1520080566    0.2546691895
   0.0021667480    0.6520080566    0.7546691895
   0.8771667480    0.0270080566    0.8796691895
   0.3771667480    0.5270080566    0.3796691895
   0.6271667480    0.7770080566    0.6296691895
   0.1271667480    0.2770080566    0.1296691895
   0.4396667480    0.4645080566    0.1921691895
   0.9396667480    0.9645080566    0.6921691895
   0.1896667480    0.7145080566    0.4421691895
   0.6896667480    0.2145080566    0.9421691895
   0.3146667480    0.5895080566    0.8171691895
   0.8146667480    0.0895080566    0.3171691895
   0.0646667480    0.3395080566    0.5671691895
   0.5646667480    0.8395080566    0.0671691895
   0.2365417480    0.1051330566    0.9890441895
   0.7365417480    0.6051330566    0.4890441895
   0.4865417480    0.8551330566    0.7390441895
   0.9865417480    0.3551330566    0.2390441895
   0.1115417480    0.9801330566    0.1140441895
   0.6115417480    0.4801330566    0.6140441895
   0.3615417480    0.2301330566    0.3640441895
   0.8615417480    0.7301330566    0.8640441895
   0.5490417480    0.5426330566    0.8015441895
   0.0490417480    0.0426330566    0.3015441895
   0.7990417480    0.2926330566    0.5515441895
   0.2990417480    0.7926330566    0.0515441895
   0.6740417480    0.4176330566    0.1765441895
   0.1740417480    0.9176330566    0.6765441895
   0.9240417480    0.6676330566    0.4265441895
   0.4240417480    0.1676330566    0.9265441895
   0.3302917480    0.3238830566    0.6452941895
   0.8302917480    0.8238830566    0.1452941895
   0.0802917480    0.5738830566    0.8952941895
   0.5802917480    0.0738830566    0.3952941895
   0.4552917480    0.6988830566    0.2702941895
   0.9552917480    0.1988830566    0.7702941895
   0.2052917480    0.4488830566    0.0202941895
   0.7052917480    0.9488830566    0.5202941895
   0.8927917480    0.7613830566    0.5827941895
   0.3927917480    0.2613830566    0.0827941895
   0.6427917480    0.0113830566    0.8327941895
   0.1427917480    0.5113830566    0.3327941895
   0.7677917480    0.1363830566    0.4577941895
   0.2677917480    0.6363830566    0.9577941895
   0.5177917480    0.8863830566    0.2077941895
   0.0177917480    0.3863830566    0.7077941895
   0.4006042480    0.5973205566    0.5281066895
   0.9006042480    0.0973205566    0.0281066895
   0.1506042480    0.3473205566    0.7781066895
   0.6506042480    0.8473205566    0.2781066895
   0.2756042480    0.4723205566    0.4031066895
   0.7756042480    0.9723205566    0.9031066895
   0.0256042480    0.7223205566    0.1531066895
   0.5256042480    0.2223205566    0.6531066895
   0.8381042480    0.0348205566    0.7156066895
   0.3381042480    0.5348205566    0.2156066895
   0.5881042480    0.7848205566    0.9656066895
   0.0881042480    0.2848205566    0.4656066895
   0.9631042480    0.9098205566    0.3406066895
   0.4631042480    0.4098205566    0.8406066895
   0.7131042480    0.1598205566    0.0906066895
   0.2131042480    0.6598205566    0.5906066895
   0.0568542480    0.8160705566    0.8718566895
   0.5568542480    0.3160705566    0.3718566895
   0.3068542480    0.0660705566    0.6218566895
   0.8068542480    0.5660705566    0.1218566895
   0.1818542480    0.1910705566    0.2468566895
   0.6818542480    0.6910705566    0.7468566895
   0.4318542480    0.9410705566    0.4968566895
   0.9318542480    0.4410705566    0.9968566895
   0.7443542480    0.2535705566    0.9343566895
   0.2443542480    0.7535705566    0.4343566895
   0.9943542480    0.5035705566    0.6843566895
   0.4943542480    0.0035705566    0.1843566895
   0.6193542480    0.6285705566    0.0593566895
   0.1193542480    0.1285705566    0.5593566895
   0.8693542480    0.3785705566    0.3093566895
   0.3693542480    0.8785705566    0.8093566895
   0.9474792480    0.1754455566    0.1374816895
   0.4474792480    0.6754455566    0.6374816895
   0.6974792480    0.9254455566    0.3874816895
   0.1974792480    0.4254455566    0.8874816895
   0.8224792480    0.8004455566    0.7624816895
   0.3224792480    0.3004455566    0.2624816895
   0.5724792480    0.0504455566    0.5124816895
   0.0724792480    0.5504455566    0.0124816895
   0.2599792480    0.7379455566    0.0749816895
   0.7599792480    0.2379455566    0.5749816895
   0.0099792480    0.4879455566    0.3249816895
   0.5099792480    0.9879455566    0.8249816895
   0.3849792480    0.3629455566    0.9499816895
   0.8849792480    0.8629455566    0.4499816895
   0.1349792480    0.6129455566    0.6999816895
   0.6349792480    0.1129455566    0.1999816895
   0.6037292480    0.3941955566    0.4812316895
   0.1037292480    0.8941955566    0.9812316895
   0.8537292480    0.6441955566    0.2312316895
   0.3537292480    0.1441955566    0.7312316895
   0.7287292480    0.5191955566    0.6062316895
   0.2287292480    0.0191955566    0.1062316895
   0.9787292480    0.2691955566    0.8562316895
   0.4787292480    0.7691955566    0.3562316895
   0.1662292480    0.9566955566    0.2937316895
   0.6662292480    0.4566955566    0.7937316895
   0.4162292480    0.2066955566    0.0437316895
   0.9162292480    0.7066955566    0.5437316895
   0.0412292480    0.0816955566    0.6687316895
   0.5412292480    0.5816955566    0.1687316895
   0.2912292480    0.8316955566    0.9187316895
   0.7912292480    0.3316955566    0.4187316895
   0.0666198730    0.0484924316    0.7956848145
   0.5666198730    0.5484924316    0.2956848145
   0.3166198730    0.7984924316    0.5456848145
   0.8166198730    0.2984924316    0.0456848145
   0.1916198730    0.9234924316    0.1706848145
   0.6916198730    0.4234924316    0.6706848145
   0.4416198730    0.1734924316    0.4206848145
   0.9416198730    0.6734924316    0.9206848145
   0.6291198730    0.6109924316    0.9831848145
   0.1291198730    0.1109924316    0.4831848145
   0.8791198730    0.3609924316    0.7331848145
   0.3791198730    0.8609924316    0.2331848145
   0.5041198730    0.4859924316    0.1081848145
   0.0041198730    0.9859924316    0.6081848145
   0.7541198730    0.7359924316    0.3581848145
   0.2541198730    0.2359924316    0.8581848145
   0.4728698730    0.2672424316    0.5769348145
   0.9728698730    0.7672424316    0.0769348145
   0.2228698730    0.5172424316    0.8269348145
   0.7228698730    0.0172424316    0.3269348145
   0.3478698730    0.6422424316    0.4519348145
   0.8478698730    0.1422424316    0.9519348145
   0.0978698730    0.3922424316    0.2019348145
   0.5978698730    0.8922424316    0.7019348145
   0.7853698730    0.8297424316    0.6394348145
   0.2853698730    0.3297424316    0.1394348145
   0.5353698730    0.0797424316    0.8894348145
   0.0353698730    0.5797424316    0.3894348145
   0.9103698730    0.2047424316    0.2644348145
   0.4103698730    0.7047424316    0.7644348145
   0.6603698730    0.9547424316    0.0144348145
   0.1603698730    0.4547424316    0.5144348145
   0.5197448730    0.7203674316    0.4363098145
   0.0197448730    0.2203674316    0.9363098145
   0.7697448730    0.4703674316    0.1863098145
   0.2697448730    0.9703674316    0.6863098145
   0.6447448730    0.3453674316    0.5613098145
   0.1447448730    0.8453674316    0.0613098145
   0.8947448730    0.5953674316    0.8113098145
   0.3947448730    0.0953674316    0.3113098145
   0.2072448730    0.1578674316    0.3738098145
   0.7072448730    0.6578674316    0.8738098145
   0.4572448730    0.9078674316    0.1238098145
   0.9572448730    0.4078674316    0.6238098145
   0.0822448730    0.7828674316    0.7488098145
   0.5822448730    0.2828674316    0.2488098145
   0.3322448730    0.0328674316    0.9988098145
   0.8322448730    0.5328674316    0.4988098145
   0.9259948730    0.9391174316    0.2175598145
   0.4259948730    0.4391174316    0.7175598145
   0.6759948730    0.1891174316    0.4675598145
   0.1759948730    0.6891174316    0.9675598145
   0.8009948730    0.0641174316    0.8425598145
   0.3009948730    0.5641174316    0.3425598145
   0.5509948730    0.8141174316    0.5925598145
   0.0509948730    0.3141174316    0.0925598145
   0.3634948730    0.3766174316    0.0300598145
   0.8634948730    0.8766174316    0.5300598145
   0.1134948730    0.6266174316    0.2800598145
   0.6134948730    0.1266174316    0.7800598145
   0.4884948730    0.5016174316    0.9050598145
   0.9884948730    0.0016174316    0.4050598145
   0.2384948730    0.2516174316    0.6550598145
   0.7384948730    0.7516174316    0.1550598145
   0.8713073730    0.2281799316    0.0847473145
   0.3713073730    0.7281799316    0.5847473145
   0.6213073730    0.9781799316    0.3347473145
   0.1213073730    0.4781799316    0.8347473145
   0.9963073730    0.8531799316    0.9597473145
   0.4963073730    0.3531799316    0.4597473145
   0.7463073730    0.1031799316    0.7097473145
   0.2463073730    0.6031799316    0.2097473145
   0.4338073730    0.6656799316    0.1472473145
   0.9338073730    0.1656799316    0.6472473145
   0.1838073730    0.4156799316    0.3972473145
   0.6838073730    0.9156799316    0.8972473145
   0.3088073730    0.2906799316    0.7722473145
   0.8088073730    0.7906799316    0.2722473145
   0.0588073730    0.5406799316    0.5222473145
   0.5588073730    0.0406799316    0.0222473145
   0.7150573730    0.4469299316    0.3034973145
   0.2150573730    0.9469299316    0.8034973145
   0.9650573730    0.6969299316    0.0534973145
   0.4650573730    0.1969299316    0.5534973145
   0.5900573730    0.5719299316    0.6784973145
   0.0900573730    0.0719299316    0.1784973145
   0.8400573730    0.3219299316    0.9284973145
   0.3400573730    0.8219299316    0.4284973145
   0.0275573730    0.8844299316    0.4909973145
   0.5275573730    0.3844299316    0.9909973145
   0.2775573730    0.1344299316    0.2409973145
   0.7775573730    0.6344299316    0.7409973145
   0.1525573730    0.0094299316    0.6159973145
   0.6525573730    0.5094299316    0.1159973145
   0.4025573730    0.7594299316    0.8659973145
   0.9025573730    0.2594299316    0.3659973145
   0.2931823730    0.5563049316    0.6941223145
   0.7931823730    0.0563049316    0.1941223145
   0.0431823730    0.3063049316    0.9441223145
   0.5431823730    0.8063049316    0.4441223145
   0.4181823730    0.4313049316    0.3191223145
   0.9181823730    0.9313049316    0.8191223145
   0.1681823730    0.6813049316    0.0691223145
   0.6681823730    0.1813049316    0.5691223145
   0.9806823730    0.1188049316    0.5066223145
   0.4806823730    0.6188049316    0.0066223145
   0.7306823730    0.8688049316    0.7566223145
   0.2306823730    0.3688049316    0.2566223145
   0.8556823730    0.9938049316    0.3816223145
   0.3556823730    0.4938049316    0.8816223145
   0.6056823730    0.2438049316    0.1316223145
   0.1056823730    0.7438049316    0.6316223145
   0.1369323730    0.7750549316    0.9128723145
   0.6369323730    0.2750549316    0.4128723145
   0.3869323730    0.0250549316    0.6628723145
   0.8869323730    0.5250549316    0.1628723145
   0.0119323730    0.1500549316    0.0378723145
   0.5119323730    0.6500549316    0.5378723145
   0.2619323730    0.9000549316    0.2878723145
   0.7619323730    0.4000549316    0.7878723145
   0.5744323730    0.3375549316    0.8503723145
   0.0744323730    0.8375549316    0.3503723145
   0.8244323730    0.5875549316    0.6003723145
   0.3244323730    0.0875549316    0.1003723145
   0.6994323730    0.7125549316    0.2253723145
   0.1994323730    0.2125549316    0.7253723145
   0.9494323730    0.4625549316    0.4753723145
   0.4494323730    0.9625549316    0.9753723145
   0.8752136230    0.4820861816    0.6277160645
   0.3752136230    0.9820861816    0.1277160645
   0.6252136230    0.7320861816    0.8777160645
   0.1252136230    0.2320861816    0.3777160645
   0.7502136230    0.6070861816    0.2527160645
   0.2502136230    0.1070861816    0.7527160645
   0.5002136230    0.3570861816    0.0027160645
   0.0002136230    0.8570861816    0.5027160645
   0.3127136230    0.9195861816    0.5652160645
   0.8127136230    0.4195861816    0.0652160645
   0.0627136230    0.1695861816    0.8152160645
   0.5627136230    0.6695861816    0.3152160645
   0.4377136230    0.0445861816    0.4402160645
   0.9377136230    0.5445861816    0.9402160645
   0.1877136230    0.7945861816    0.1902160645
   0.6877136230    0.2945861816    0.6902160645
   0.5314636230    0.2008361816    0.9714660645
   0.0314636230    0.7008361816    0.4714660645
   0.7814636230    0.9508361816    0.7214660645
   0.2814636230    0.4508361816    0.2214660645
   0.6564636230    0.8258361816    0.0964660645
   0.1564636230    0.3258361816    0.5964660645
   0.9064636230    0.0758361816    0.3464660645
   0.4064636230    0.5758361816    0.8464660645
   0.2189636230    0.6383361816    0.7839660645
   0.7189636230    0.1383361816    0.2839660645
   0.4689636230    0.3883361816    0.5339660645
   0.9689636230    0.8883361816    0.0339660645
   0.0939636230    0.2633361816    0.1589660645
   0.5939636230    0.7633361816    0.6589660645
   0.3439636230    0.5133361816    0.4089660645
   0.8439636230    0.0133361816    0.9089660645
   0.4533386230    0.8102111816    0.0183410645
   0.9533386230    0.3102111816    0.5183410645
   0.2033386230    0.0602111816    0.2683410645
   0.7033386230    0.5602111816    0.7683410645
   0.3283386230    0.1852111816    0.8933410645
   0.8283386230    0.6852111816    0.3933410645
   0.0783386230    0.9352111816    0.6433410645
   0.5783386230    0.4352111816    0.1433410645
   0.7658386230    0.3727111816    0.2058410645
   0.2658386230    0.8727111816    0.7058410645
   0.5158386230    0.6227111816    0.4558410645
   0.0158386230    0.1227111816    0.9558410645
   0.8908386230    0.7477111816    0.8308410645
   0.3908386230    0.2477111816    0.3308410645
   0.6408386230    0.4977111816    0.5808410645
   0.1408386230    0.9977111816    0.0808410645
   0.1095886230    0.5289611816    0.3620910645
   0.6095886230    0.0289611816    0.8620910645
   0.3595886230    0.2789611816    0.1120910645
   0.8595886230    0.7789611816    0.6120910645
   0.2345886230    0.4039611816    0.7370910645
   0.7345886230    0.9039611816    0.2370910645
   0.4845886230    0.6539611816    0.9870910645
   0.9845886230    0.1539611816    0.4870910645
   0.6720886230    0.0914611816    0.4245910645
   0.1720886230    0.5914611816    0.9245910645
   0.9220886230    0.8414611816    0.1745910645
   0.4220886230    0.3414611816    0.6745910645
   0.5470886230    0.9664611816    0.5495910645
   0.0470886230    0.4664611816    0.0495910645
   0.7970886230    0.2164611816    0.7995910645
   0.2970886230    0.7164611816    0.2995910645
   0.1799011230    0.3023986816    0.4949035645
   0.6799011230    0.8023986816    0.9949035645
   0.4299011230    0.5523986816    0.2449035645
   0.9299011230    0.0523986816    0.7449035645
   0.0549011230    0.6773986816    0.6199035645
   0.5549011230    0.1773986816    0.1199035645
   0.3049011230    0.4273986816    0.8699035645
   0.8049011230    0.9273986816    0.3699035645
   0.6174011230    0.8648986816    0.3074035645
   0.1174011230    0.3648986816    0.8074035645
   0.8674011230    0.1148986816    0.0574035645
   0.3674011230    0.6148986816    0.5574035645
   0.7424011230    0.2398986816    0.6824035645
   0.2424011230    0.7398986816    0.1824035645
   0.9924011230    0.9898986816    0.9324035645
   0.4924011230    0.4898986816    0.4324035645
   0.2736511230    0.0211486816    0.1511535645
   0.7736511230    0.5211486816    0.6511535645
   0.0236511230    0.7711486816    0.4011535645
   0.5236511230    0.2711486816    0.9011535645
   0.3986511230    0.8961486816    0.7761535645
   0.8986511230    0.3961486816    0.2761535645
   0.1486511230    0.1461486816    0.5261535645
   0.6486511230    0.6461486816    0.0261535645
   0.9611511230    0.5836486816    0.0886535645
   0.4611511230    0.0836486816    0.5886535645
   0.7111511230    0.3336486816    0.3386535645
   0.2111511230    0.8336486816    0.8386535645
   0.8361511230    0.4586486816    0.9636535645
   0.3361511230    0.9586486816    0.4636535645
   0.5861511230    0.7086486816    0.7136535645
   0.0861511230    0.2086486816    0.2136535645
   0.7267761230    0.9742736816    0.8542785645
   0.2267761230    0.4742736816    0.3542785645
   0.9767761230    0.2242736816    0.6042785645
   0.4767761230    0.7242736816    0.1042785645
   0.6017761230    0.0992736816    0.2292785645
   0.1017761230    0.5992736816    0.7292785645
   0.8517761230    0.8492736816    0.4792785645
   0.3517761230    0.3492736816    0.9792785645
   0.0392761230    0.4117736816    0.9167785645
   0.5392761230    0.9117736816    0.4167785645
   0.2892761230    0.6617736816    0.6667785645
   0.7892761230    0.1617736816    0.1667785645
   0.1642761230    0.5367736816    0.0417785645
   0.6642761230    0.0367736816    0.5417785645
   0.4142761230    0.2867736816    0.2917785645
   0.9142761230    0.7867736816    0.7917785645
   0.8205261230    0.6930236816    0.5105285645
   0.3205261230    0.1930236816    0.0105285645
   0.5705261230    0.4430236816    0.7605285645
   0.0705261230    0.9430236816    0.2605285645
   0.9455261230    0.3180236816    0.3855285645
   0.4455261230    0.8180236816    0.8855285645
   0.6955261230    0.5680236816    0.1355285645
   0.1955261230    0.0680236816    0.6355285645
   0.3830261230    0.1305236816    0.6980285645
   0.8830261230    0.6305236816    0.1980285645
   0.1330261230    0.8805236816    0.9480285645
   0.6330261230    0.3805236816    0.4480285645
   0.2580261230    0.7555236816    0.3230285645
   0.7580261230    0.2555236816    0.8230285645
   0.0080261230    0.0055236816    0.0730285645
   0.5080261230    0.5055236816    0.5730285645
   0.2540740967    0.7640533447    0.1061248779
   0.7540740967    0.2640533447    0.6061248779
   0.0040740967    0.0140533447    0.3561248779
   0.5040740967    0.5140533447    0.8561248779
   0.3790740967    0.1390533447    0.9811248779
   0.8790740967    0.6390533447    0.4811248779
   0.1290740967    0.8890533447    0.7311248779
   0.6290740967    0.3890533447    0.2311248779
   0.9415740967    0.3265533447    0.1686248779
   0.4415740967    0.8265533447    0.6686248779
   0.6915740967    0.5765533447    0.4186248779
   0.1915740967    0.0765533447    0.9186248779
   0.8165740967    0.7015533447    0.7936248779
   0.3165740967    0.2015533447    0.2936248779
   0.5665740967    0.4515533447    0.5436248779
   0.0665740967    0.9515533447    0.0436248779
   0.1603240967    0.5453033447    0.2623748779
   0.6603240967    0.0453033447    0.7623748779
   0.4103240967    0.2953033447    0.0123748779
   0.9103240967    0.7953033447    0.5123748779
   0.0353240967    0.4203033447    0.6373748779
   0.5353240967    0.9203033447    0.1373748779
   0.2853240967    0.6703033447    0.8873748779
   0.7853240967    0.1703033447    0.3873748779
   0.5978240967    0.1078033447    0.4498748779
   0.0978240967    0.6078033447    0.9498748779
   0.8478240967    0.8578033447    0.1998748779
   0.3478240967    0.3578033447    0.6998748779
   0.7228240967    0.9828033447    0.5748748779
   0.2228240967    0.4828033447    0.0748748779
   0.9728240967    0.2328033447    0.8248748779
   0.4728240967    0.7328033447    0.3248748779
   0.8321990967    0.4671783447    0.7467498779
   0.3321990967    0.9671783447    0.2467498779
   0.5821990967    0.7171783447    0.9967498779
   0.0821990967    0.2171783447    0.4967498779
   0.9571990967    0.5921783447    0.3717498779
   0.4571990967    0.0921783447    0.8717498779
   0.7071990967    0.3421783447    0.1217498779
   0.2071990967    0.8421783447    0.6217498779
   0.3946990967    0.9046783447    0.5592498779
   0.8946990967    0.4046783447    0.0592498779
   0.1446990967    0.1546783447    0.8092498779
   0.6446990967    0.6546783447    0.3092498779
   0.2696990967    0.0296783447    0.4342498779
   0.7696990967    0.5296783447    0.9342498779
   0.0196990967    0.7796783447    0.1842498779
   0.5196990967    0.2796783447    0.6842498779
   0.7384490967    0.2484283447    0.9029998779
   0.2384490967    0.7484283447    0.4029998779
   0.9884490967    0.9984283447    0.6529998779
   0.4884490967    0.4984283447    0.1529998779
   0.6134490967    0.8734283447    0.0279998779
   0.1134490967    0.3734283447    0.5279998779
   0.8634490967    0.1234283447    0.2779998779
   0.3634490967    0.6234283447    0.7779998779
   0.0509490967    0.6859283447    0.8404998779
   0.5509490967    0.1859283447    0.3404998779
   0.3009490967    0.4359283447    0.5904998779
   0.8009490967    0.9359283447    0.0904998779
   0.1759490967    0.3109283447    0.2154998779
   0.6759490967    0.8109283447    0.7154998779
   0.4259490967    0.5609283447    0.4654998779
   0.9259490967    0.0609283447    0.9654998779
   0.5587615967    0.9593658447    0.7701873779
   0.0587615967    0.4593658447    0.2701873779
   0.8087615967    0.2093658447    0.5201873779
   0.3087615967    0.7093658447    0.0201873779
   0.6837615967    0.0843658447    0.1451873779
   0.1837615967    0.5843658447    0.6451873779
   0.9337615967    0.8343658447    0.3951873779
   0.4337615967    0.3343658447    0.8951873779
   0.2462615967    0.3968658447    0.9576873779
   0.7462615967    0.8968658447    0.4576873779
   0.4962615967    0.6468658447    0.7076873779
   0.9962615967    0.1468658447    0.2076873779
   0.1212615967    0.5218658447    0.0826873779
   0.6212615967    0.0218658447    0.5826873779
   0.3712615967    0.2718658447    0.3326873779
   0.8712615967    0.7718658447    0.8326873779
   0.9025115967    0.7406158447    0.6139373779
   0.4025115967    0.2406158447    0.1139373779
   0.6525115967    0.4906158447    0.8639373779
   0.1525115967    0.9906158447    0.3639373779
   0.7775115967    0.3656158447    0.4889373779
   0.2775115967    0.8656158447    0.9889373779
   0.5275115967    0.6156158447    0.2389373779
   0.0275115967    0.1156158447    0.7389373779
   0.3400115967    0.1781158447    0.6764373779
   0.8400115967    0.6781158447    0.1764373779
   0.0900115967    0.9281158447    0.9264373779
   0.5900115967    0.4281158447    0.4264373779
   0.4650115967    0.8031158447    0.3014373779
   0.9650115967    0.3031158447    0.8014373779
   0.2150115967    0.0531158447    0.0514373779
   0.7150115967    0.5531158447    0.5514373779
   0.1056365967    0.2562408447    0.3795623779
   0.6056365967    0.7562408447    0.8795623779
   0.3556365967    0.5062408447    0.1295623779
   0.8556365967    0.0062408447    0.6295623779
   0.2306365967    0.6312408447    0.5045623779
   0.7306365967    0.1312408447    0.0045623779
   0.4806365967    0.3812408447    0.7545623779
   0.9806365967    0.8812408447    0.2545623779
   0.6681365967    0.8187408447    0.3170623779
   0.1681365967    0.3187408447    0.8170623779
   0.9181365967    0.0687408447    0.0670623779
   0.4181365967    0.5687408447    0.5670623779
   0.5431365967    0.1937408447    0.6920623779
   0.0431365967    0.6937408447    0.1920623779
   0.7931365967    0.9437408447    0.9420623779
   0.2931365967    0.4437408447    0.4420623779
   0.4493865967    0.0374908447    0.2233123779
   0.9493865967    0.5374908447    0.7233123779
   0.1993865967    0.7874908447    0.4733123779
   0.6993865967    0.2874908447    0.9733123779
   0.3243865967    0.9124908447    0.8483123779
   0.8243865967    0.4124908447    0.3483123779
   0.0743865967    0.1624908447    0.5983123779
   0.5743865967    0.6624908447    0.0983123779
   0.7618865967    0.5999908447    0.0358123779
   0.2618865967    0.0999908447    0.5358123779
   0.5118865967    0.3499908447    0.2858123779
   0.0118865967    0.8499908447    0.7858123779
   0.8868865967    0.4749908447    0.9108123779
   0.3868865967    0.9749908447    0.4108123779
   0.6368865967    0.7249908447    0.6608123779
   0.1368865967    0.2249908447    0.1608123779
   0.6876678467    0.7054595947    0.4381561279
   0.1876678467    0.2054595947    0.9381561279
   0.9376678467    0.4554595947    0.1881561279
   0.4376678467    0.9554595947    0.6881561279
   0.5626678467    0.3304595947    0.5631561279
   0.0626678467    0.8304595947    0.0631561279
   0.8126678467    0.5804595947    0.8131561279
   0.3126678467    0.0804595947    0.3131561279
   0.0001678467    0.1429595947    0.2506561279
   0.5001678467    0.6429595947    0.7506561279
   0.2501678467    0.8929595947    0.0006561279
   0.7501678467    0.3929595947    0.5006561279
   0.1251678467    0.7679595947    0.6256561279
   0.6251678467    0.2679595947    0.1256561279
   0.3751678467    0.0179595947    0.8756561279
   0.8751678467    0.5179595947    0.3756561279
   0.8439178467    0.9867095947    0.1569061279
   0.3439178467    0.4867095947    0.6569061279
   0.5939178467    0.2367095947    0.4069061279
   0.0939178467    0.7367095947    0.9069061279
   0.9689178467    0.1117095947    0.7819061279
   0.4689178467    0.6117095947    0.2819061279
   0.7189178467    0.8617095947    0.5319061279
   0.2189178467    0.3617095947    0.0319061279
   0.4064178467    0.4242095947    0.0944061279
   0.9064178467    0.9242095947    0.5944061279
   0.1564178467    0.6742095947    0.3444061279
   0.6564178467    0.1742095947    0.8444061279
   0.2814178467    0.5492095947    0.9694061279
   0.7814178467    0.0492095947    0.4694061279
   0.0314178467    0.2992095947    0.7194061279
   0.5314178467    0.7992095947    0.2194061279
   0.1407928467    0.0023345947    0.8287811279
   0.6407928467    0.5023345947    0.3287811279
   0.3907928467    0.7523345947    0.5787811279
   0.8907928467    0.2523345947    0.0787811279
   0.0157928467    0.8773345947    0.2037811279
   0.5157928467    0.3773345947    0.7037811279
   0.2657928467    0.1273345947    0.4537811279
   0.7657928467    0.6273345947    0.9537811279
   0.5782928467    0.5648345947    0.8912811279
   0.0782928467    0.0648345947    0.3912811279
   0.8282928467    0.3148345947    0.6412811279
   0.3282928467    0.8148345947    0.1412811279
   0.7032928467    0.4398345947    0.0162811279
   0.2032928467    0.9398345947    0.5162811279
   0.9532928467    0.6898345947    0.2662811279
   0.4532928467    0.1898345947    0.7662811279
   0.2970428467    0.2835845947    0.5475311279
   0.7970428467    0.7835845947    0.0475311279
   0.0470428467    0.5335845947    0.7975311279
   0.5470428467    0.0335845947    0.2975311279
   0.4220428467    0.6585845947    0.4225311279
   0.9220428467    0.1585845947    0.9225311279
   0.1720428467    0.4085845947    0.1725311279
   0.6720428467    0.9085845947    0.6725311279
   0.9845428467    0.8460845947    0.7350311279
   0.4845428467    0.3460845947    0.2350311279
   0.7345428467    0.0960845947    0.9850311279
   0.2345428467    0.5960845947    0.4850311279
   0.8595428467    0.2210845947    0.3600311279
   0.3595428467    0.7210845947    0.8600311279
   0.6095428467    0.9710845947    0.1100311279
   0.1095428467    0.4710845947    0.6100311279
   0.4923553467    0.5101470947    0.6803436279
   0.9923553467    0.0101470947    0.1803436279
   0.2423553467    0.2601470947    0.9303436279
   0.7423553467    0.7601470947    0.4303436279
   0.3673553467    0.3851470947    0.3053436279
   0.8673553467    0.8851470947    0.8053436279
   0.1173553467    0.6351470947    0.0553436279
   0.6173553467    0.1351470947    0.5553436279
   0.8048553467    0.0726470947    0.6178436279
   0.3048553467    0.5726470947    0.1178436279
   0.5548553467    0.8226470947    0.8678436279
   0.0548553467    0.3226470947    0.3678436279
   0.9298553467    0.9476470947    0.4928436279
   0.4298553467    0.4476470947    0.9928436279
   0.6798553467    0.1976470947    0.2428436279
   0.1798553467    0.6976470947    0.7428436279
   0.0861053467    0.7913970947    0.9615936279
   0.5861053467    0.2913970947    0.4615936279
   0.3361053467    0.0413970947    0.7115936279
   0.8361053467    0.5413970947    0.2115936279
   0.2111053467    0.1663970947    0.0865936279
   0.7111053467    0.6663970947    0.5865936279
   0.4611053467    0.9163970947    0.3365936279
   0.9611053467    0.4163970947    0.8365936279
   0.6486053467    0.3538970947    0.7740936279
   0.1486053467    0.8538970947    0.2740936279
   0.8986053467    0.6038970947    0.5240936279
   0.3986053467    0.1038970947    0.0240936279
   0.5236053467    0.7288970947    0.1490936279
   0.0236053467    0.2288970947    0.6490936279
   0.7736053467    0.4788970947    0.3990936279
   0.2736053467    0.9788970947    0.8990936279
   0.9142303467    0.2132720947    0.0397186279
   0.4142303467    0.7132720947    0.5397186279
   0.6642303467    0.9632720947    0.2897186279
   0.1642303467    0.4632720947    0.7897186279
   0.7892303467    0.8382720947    0.9147186279
   0.2892303467    0.3382720947    0.4147186279
   0.5392303467    0.0882720947    0.6647186279
   0.0392303467    0.5882720947    0.1647186279
   0.3517303467    0.6507720947    0.2272186279
   0.8517303467    0.1507720947    0.7272186279
   0.1017303467    0.4007720947    0.4772186279
   0.6017303467    0.9007720947    0.9772186279
   0.4767303467    0.2757720947    0.8522186279
   0.9767303467    0.7757720947    0.3522186279
   0.2267303467    0.5257720947    0.6022186279
   0.7267303467    0.0257720947    0.1022186279
   0.5079803467    0.4945220947    0.3209686279
   0.0079803467    0.9945220947    0.8209686279
   0.7579803467    0.7445220947    0.0709686279
   0.2579803467    0.2445220947    0.5709686279
   0.6329803467    0.6195220947    0.6959686279
   0.1329803467    0.1195220947    0.1959686279
   0.8829803467    0.3695220947    0.9459686279
   0.3829803467    0.8695220947    0.4459686279
   0.1954803467    0.9320220947    0.3834686279
   0.6954803467    0.4320220947    0.8834686279
   0.4454803467    0.1820220947    0.1334686279
   0.9454803467    0.6820220947    0.6334686279
   0.0704803467    0.0570220947    0.5084686279
   0.5704803467    0.5570220947    0.0084686279
   0.3204803467    0.8070220947    0.7584686279
   0.8204803467    0.3070220947    0.2584686279
   0.0372772217    0.0863189697    0.8854217529
   0.5372772217    0.5863189697    0.3854217529
   0.2872772217    0.8363189697    0.6354217529
   0.7872772217    0.3363189697    0.1354217529
   0.1622772217    0.9613189697    0.0104217529
   0.6622772217    0.4613189697    0.5104217529
   0.4122772217    0.2113189697    0.2604217529
   0.9122772217    0.7113189697    0.7604217529
   0.7247772217    0.5238189697    0.8229217529
   0.2247772217    0.0238189697    0.3229217529
   0.9747772217    0.2738189697    0.5729217529
   0.4747772217    0.7738189697    0.0729217529
   0.5997772217    0.3988189697    0.1979217529
   0.0997772217    0.8988189697    0.6979217529
   0.8497772217    0.6488189697    0.4479217529
   0.3497772217    0.1488189697    0.9479217529
   0.3810272217    0.3675689697    0.7291717529
   0.8810272217    0.8675689697    0.2291717529
   0.1310272217    0.6175689697    0.9791717529
   0.6310272217    0.1175689697    0.4791717529
   0.2560272217    0.7425689697    0.3541717529
   0.7560272217    0.2425689697    0.8541717529
   0.0060272217    0.4925689697    0.1041717529
   0.5060272217    0.9925689697    0.6041717529
   0.8185272217    0.8050689697    0.5416717529
   0.3185272217    0.3050689697    0.0416717529
   0.5685272217    0.0550689697    0.7916717529
   0.0685272217    0.5550689697    0.2916717529
   0.9435272217    0.1800689697    0.4166717529
   0.4435272217    0.6800689697    0.9166717529
   0.6935272217    0.9300689697    0.1666717529
   0.1935272217    0.4300689697    0.6666717529
   0.6154022217    0.6331939697    0.2760467529
   0.1154022217    0.1331939697    0.7760467529
   0.8654022217    0.3831939697    0.0260467529
   0.3654022217    0.8831939697    0.5260467529
   0.7404022217    0.2581939697    0.6510467529
   0.2404022217    0.7581939697    0.1510467529
   0.9904022217    0.5081939697    0.9010467529
   0.4904022217    0.0081939697    0.4010467529
   0.1779022217    0.1956939697    0.4635467529
   0.6779022217    0.6956939697    0.9635467529
   0.4279022217    0.9456939697    0.2135467529
   0.9279022217    0.4456939697    0.7135467529
   0.0529022217    0.8206939697    0.5885467529
   0.5529022217    0.3206939697    0.0885467529
   0.3029022217    0.0706939697    0.8385467529
   0.8029022217    0.5706939697    0.3385467529
   0.9591522217    0.9144439697    0.1197967529
   0.4591522217    0.4144439697    0.6197967529
   0.7091522217    0.1644439697    0.3697967529
   0.2091522217    0.6644439697    0.8697967529
   0.8341522217    0.0394439697    0.9947967529
   0.3341522217    0.5394439697    0.4947967529
   0.5841522217    0.7894439697    0.7447967529
   0.0841522217    0.2894439697    0.2447967529
   0.2716522217    0.4769439697    0.1822967529
   0.7716522217    0.9769439697    0.6822967529
   0.0216522217    0.7269439697    0.4322967529
   0.5216522217    0.2269439697    0.9322967529
   0.3966522217    0.6019439697    0.8072967529
   0.8966522217    0.1019439697    0.3072967529
   0.1466522217    0.3519439697    0.5572967529
   0.6466522217    0.8519439697    0.0572967529
   0.7794647217    0.1253814697    0.2369842529
   0.2794647217    0.6253814697    0.7369842529
   0.5294647217    0.8753814697    0.4869842529
   0.0294647217    0.3753814697    0.9869842529
   0.9044647217    0.7503814697    0.8619842529
   0.4044647217    0.2503814697    0.3619842529
   0.6544647217    0.0003814697    0.6119842529
   0.1544647217    0.5003814697    0.1119842529
   0.4669647217    0.6878814697    0.0494842529
   0.9669647217    0.1878814697    0.5494842529
   0.2169647217    0.4378814697    0.2994842529
   0.7169647217    0.9378814697    0.7994842529
   0.3419647217    0.3128814697    0.9244842529
   0.8419647217    0.8128814697    0.4244842529
   0.0919647217    0.5628814697    0.6744842529
   0.5919647217    0.0628814697    0.1744842529
   0.6857147217    0.4066314697    0.3932342529
   0.1857147217    0.9066314697    0.8932342529
   0.9357147217    0.6566314697    0.1432342529
   0.4357147217    0.1566314697    0.6432342529
   0.5607147217    0.5316314697    0.5182342529
   0.0607147217    0.0316314697    0.0182342529
   0.8107147217    0.2816314697    0.7682342529
   0.3107147217    0.7816314697    0.2682342529
   0.1232147217    0.9691314697    0.3307342529
   0.6232147217    0.4691314697    0.8307342529
   0.3732147217    0.2191314697    0.0807342529
   0.8732147217    0.7191314697    0.5807342529
   0.2482147217    0.0941314697    0.7057342529
   0.7482147217    0.5941314697    0.2057342529
   0.4982147217    0.8441314697    0.9557342529
   0.9982147217    0.3441314697    0.4557342529
   0.3263397217    0.5785064697    0.5963592529
   0.8263397217    0.0785064697    0.0963592529
   0.0763397217    0.3285064697    0.8463592529
   0.5763397217    0.8285064697    0.3463592529
   0.4513397217    0.4535064697    0.4713592529
   0.9513397217    0.9535064697    0.9713592529
   0.2013397217    0.7035064697    0.2213592529
   0.7013397217    0.2035064697    0.7213592529
   0.8888397217    0.0160064697    0.6588592529
   0.3888397217    0.5160064697    0.1588592529
   0.6388397217    0.7660064697    0.9088592529
   0.1388397217    0.2660064697    0.4088592529
   0.7638397217    0.8910064697    0.2838592529
   0.2638397217    0.3910064697    0.7838592529
   0.5138397217    0.1410064697    0.0338592529
   0.0138397217    0.6410064697    0.5338592529
   0.2325897217    0.8597564697    0.7526092529
   0.7325897217    0.3597564697    0.2526092529
   0.4825897217    0.1097564697    0.5026092529
   0.9825897217    0.6097564697    0.0026092529
   0.1075897217    0.2347564697    0.1276092529
   0.6075897217    0.7347564697    0.6276092529
   0.3575897217    0.9847564697    0.3776092529
   0.8575897217    0.4847564697    0.8776092529
   0.5450897217    0.2972564697    0.9401092529
   0.0450897217    0.7972564697    0.4401092529
   0.7950897217    0.5472564697    0.6901092529
   0.2950897217    0.0472564697    0.1901092529
   0.6700897217    0.6722564697    0.0651092529
   0.1700897217    0.1722564697    0.5651092529
   0.9200897217    0.4222564697    0.3151092529
   0.4200897217    0.9222564697    0.8151092529
   0.9708709717    0.3792877197    0.5377655029
   0.4708709717    0.8792877197    0.0377655029
   0.7208709717    0.6292877197    0.7877655029
   0.2208709717    0.1292877197    0.2877655029
   0.8458709717    0.5042877197    0.4127655029
   0.3458709717    0.0042877197    0.9127655029
   0.5958709717    0.2542877197    0.1627655029
   0.0958709717    0.7542877197    0.6627655029
   0.2833709717    0.9417877197    0.7252655029
   0.7833709717    0.4417877197    0.2252655029
   0.0333709717    0.1917877197    0.9752655029
   0.5333709717    0.6917877197    0.4752655029
   0.4083709717    0.0667877197    0.3502655029
   0.9083709717    0.5667877197    0.8502655029
   0.1583709717    0.8167877197    0.1002655029
   0.6583709717    0.3167877197    0.6002655029
   0.5646209717    0.1605377197    0.8190155029
   0.0646209717    0.6605377197    0.3190155029
   0.8146209717    0.9105377197    0.5690155029
   0.3146209717    0.4105377197    0.0690155029
   0.6896209717    0.7855377197    0.1940155029
   0.1896209717    0.2855377197    0.6940155029
   0.9396209717    0.0355377197    0.4440155029
   0.4396209717    0.5355377197    0.9440155029
   0.1271209717    0.7230377197    0.8815155029
   0.6271209717    0.2230377197    0.3815155029
   0.3771209717    0.4730377197    0.6315155029
   0.8771209717    0.9730377197    0.1315155029
   0.0021209717    0.3480377197    0.0065155029
   0.5021209717    0.8480377197    0.5065155029
   0.2521209717    0.5980377197    0.2565155029
   0.7521209717    0.0980377197    0.7565155029
   0.4239959717    0.8324127197    0.1783905029
   0.9239959717    0.3324127197    0.6783905029
   0.1739959717    0.0824127197    0.4283905029
   0.6739959717    0.5824127197    0.9283905029
   0.2989959717    0.2074127197    0.8033905029
   0.7989959717    0.7074127197    0.3033905029
   0.0489959717    0.9574127197    0.5533905029
   0.5489959717    0.4574127197    0.0533905029
   0.8614959717    0.2699127197    0.1158905029
   0.3614959717    0.7699127197    0.6158905029
   0.6114959717    0.5199127197    0.3658905029
   0.1114959717    0.0199127197    0.8658905029
   0.9864959717    0.6449127197    0.9908905029
   0.4864959717    0.1449127197    0.4908905029
   0.7364959717    0.3949127197    0.7408905029
   0.2364959717    0.8949127197    0.2408905029
   0.0177459717    0.6136627197    0.4596405029
   0.5177459717    0.1136627197    0.9596405029
   0.2677459717    0.3636627197    0.2096405029
   0.7677459717    0.8636627197    0.7096405029
   0.1427459717    0.4886627197    0.5846405029
   0.6427459717    0.9886627197    0.0846405029
   0.3927459717    0.7386627197    0.8346405029
   0.8927459717    0.2386627197    0.3346405029
   0.7052459717    0.0511627197    0.2721405029
   0.2052459717    0.5511627197    0.7721405029
   0.9552459717    0.8011627197    0.0221405029
   0.4552459717    0.3011627197    0.5221405029
   0.5802459717    0.9261627197    0.6471405029
   0.0802459717    0.4261627197    0.1471405029
   0.8302459717    0.1761627197    0.8971405029
   0.3302459717    0.6761627197    0.3971405029
   0.2130584717    0.3402252197    0.3424530029
   0.7130584717    0.8402252197    0.8424530029
   0.4630584717    0.5902252197    0.0924530029
   0.9630584717    0.0902252197    0.5924530029
   0.0880584717    0.7152252197    0.7174530029
   0.5880584717    0.2152252197    0.2174530029
   0.3380584717    0.4652252197    0.9674530029
   0.8380584717    0.9652252197    0.4674530029
   0.5255584717    0.7777252197    0.4049530029
   0.0255584717    0.2777252197    0.9049530029
   0.7755584717    0.0277252197    0.1549530029
   0.2755584717    0.5277252197    0.6549530029
   0.6505584717    0.1527252197    0.5299530029
   0.1505584717    0.6527252197    0.0299530029
   0.9005584717    0.9027252197    0.7799530029
   0.4005584717    0.4027252197    0.2799530029
   0.3693084717    0.1214752197    0.0612030029
   0.8693084717    0.6214752197    0.5612030029
   0.1193084717    0.8714752197    0.3112030029
   0.6193084717    0.3714752197    0.8112030029
   0.4943084717    0.9964752197    0.9362030029
   0.9943084717    0.4964752197    0.4362030029
   0.2443084717    0.2464752197    0.6862030029
   0.7443084717    0.7464752197    0.1862030029
   0.9318084717    0.5589752197    0.2487030029
   0.4318084717    0.0589752197    0.7487030029
   0.6818084717    0.3089752197    0.4987030029
   0.1818084717    0.8089752197    0.9987030029
   0.8068084717    0.4339752197    0.8737030029
   0.3068084717    0.9339752197    0.3737030029
   0.5568084717    0.6839752197    0.6237030029
   0.0568084717    0.1839752197    0.1237030029
   0.6349334717    0.8871002197    0.9518280029
   0.1349334717    0.3871002197    0.4518280029
   0.8849334717    0.1371002197    0.7018280029
   0.3849334717    0.6371002197    0.2018280029
   0.5099334717    0.0121002197    0.0768280029
   0.0099334717    0.5121002197    0.5768280029
   0.7599334717    0.7621002197    0.3268280029
   0.2599334717    0.2621002197    0.8268280029
   0.0724334717    0.4496002197    0.7643280029
   0.5724334717    0.9496002197    0.2643280029
   0.3224334717    0.6996002197    0.5143280029
   0.8224334717    0.1996002197    0.0143280029
   0.1974334717    0.5746002197    0.1393280029
   0.6974334717    0.0746002197    0.6393280029
   0.4474334717    0.3246002197    0.3893280029
   0.9474334717    0.8246002197    0.8893280029
   0.7911834717    0.6683502197    0.6705780029
   0.2911834717    0.1683502197    0.1705780029
   0.5411834717    0.4183502197    0.9205780029
   0.0411834717    0.9183502197    0.4205780029
   0.9161834717    0.2933502197    0.2955780029
   0.4161834717    0.7933502197    0.7955780029
   0.6661834717    0.5433502197    0.0455780029
   0.1661834717    0.0433502197    0.5455780029
   0.4786834717    0.2308502197    0.6080780029
   0.9786834717    0.7308502197    0.1080780029
   0.2286834717    0.9808502197    0.8580780029
   0.7286834717    0.4808502197    0.3580780029
   0.3536834717    0.8558502197    0.4830780029
   0.8536834717    0.3558502197    0.9830780029
   0.1036834717    0.1058502197    0.2330780029
   0.6036834717    0.6058502197    0.7330780029
   0.4054412842    0.1517486572    0.4196014404
   0.9054412842    0.6517486572    0.9196014404
   0.1554412842    0.9017486572    0.1696014404
   0.6554412842    0.4017486572    0.6696014404
   0.2804412842    0.7767486572    0.5446014404
   0.7804412842    0.2767486572    0.0446014404
   0.0304412842    0.0267486572    0.7946014404
   0.5304412842    0.5267486572    0.2946014404
   0.8429412842    0.7142486572    0.3571014404
   0.3429412842    0.2142486572    0.8571014404
   0.5929412842    0.4642486572    0.1071014404
   0.0929412842    0.9642486572    0.6071014404
   0.9679412842    0.3392486572    0.7321014404
   0.4679412842    0.8392486572    0.2321014404
   0.7179412842    0.5892486572    0.9821014404
   0.2179412842    0.0892486572    0.4821014404
   0.0616912842    0.4329986572    0.2008514404
   0.5616912842    0.9329986572    0.7008514404
   0.3116912842    0.6829986572    0.4508514404
   0.8116912842    0.1829986572    0.9508514404
   0.1866912842    0.5579986572    0.8258514404
   0.6866912842    0.0579986572    0.3258514404
   0.4366912842    0.3079986572    0.5758514404
   0.9366912842    0.8079986572    0.0758514404
   0.7491912842    0.9954986572    0.0133514404
   0.2491912842    0.4954986572    0.5133514404
   0.9991912842    0.2454986572    0.2633514404
   0.4991912842    0.7454986572    0.7633514404
   0.6241912842    0.1204986572    0.8883514404
   0.1241912842    0.6204986572    0.3883514404
   0.8741912842    0.8704986572    0.6383514404
   0.3741912842    0.3704986572    0.1383514404
   0.9523162842    0.5736236572    0.8102264404
   0.4523162842    0.0736236572    0.3102264404
   0.7023162842    0.3236236572    0.5602264404
   0.2023162842    0.8236236572    0.0602264404
   0.8273162842    0.4486236572    0.1852264404
   0.3273162842    0.9486236572    0.6852264404
   0.5773162842    0.6986236572    0.4352264404
   0.0773162842    0.1986236572    0.9352264404
   0.2648162842    0.0111236572    0.9977264404
   0.7648162842    0.5111236572    0.4977264404
   0.0148162842    0.7611236572    0.7477264404
   0.5148162842    0.2611236572    0.2477264404
   0.3898162842    0.8861236572    0.1227264404
   0.8898162842    0.3861236572    0.6227264404
   0.1398162842    0.1361236572    0.3727264404
   0.6398162842    0.6361236572    0.8727264404
   0.6085662842    0.8548736572    0.5914764404
   0.1085662842    0.3548736572    0.0914764404
   0.8585662842    0.1048736572    0.8414764404
   0.3585662842    0.6048736572    0.3414764404
   0.7335662842    0.2298736572    0.4664764404
   0.2335662842    0.7298736572    0.9664764404
   0.9835662842    0.9798736572    0.2164764404
   0.4835662842    0.4798736572    0.7164764404
   0.1710662842    0.2923736572    0.6539764404
   0.6710662842    0.7923736572    0.1539764404
   0.4210662842    0.5423736572    0.9039764404
   0.9210662842    0.0423736572    0.4039764404
   0.0460662842    0.6673736572    0.2789764404
   0.5460662842    0.1673736572    0.7789764404
   0.2960662842    0.4173736572    0.0289764404
   0.7960662842    0.9173736572    0.5289764404
   0.6632537842    0.0658111572    0.7086639404
   0.1632537842    0.5658111572    0.2086639404
   0.9132537842    0.8158111572    0.9586639404
   0.4132537842    0.3158111572    0.4586639404
   0.5382537842    0.9408111572    0.3336639404
   0.0382537842    0.4408111572    0.8336639404
   0.7882537842    0.1908111572    0.0836639404
   0.2882537842    0.6908111572    0.5836639404
   0.1007537842    0.5033111572    0.5211639404
   0.6007537842    0.0033111572    0.0211639404
   0.3507537842    0.2533111572    0.7711639404
   0.8507537842    0.7533111572    0.2711639404
   0.2257537842    0.3783111572    0.3961639404
   0.7257537842    0.8783111572    0.8961639404
   0.4757537842    0.6283111572    0.1461639404
   0.9757537842    0.1283111572    0.6461639404
   0.7570037842    0.3470611572    0.9274139404
   0.2570037842    0.8470611572    0.4274139404
   0.5070037842    0.5970611572    0.6774139404
   0.0070037842    0.0970611572    0.1774139404
   0.8820037842    0.7220611572    0.0524139404
   0.3820037842    0.2220611572    0.5524139404
   0.6320037842    0.4720611572    0.3024139404
   0.1320037842    0.9720611572    0.8024139404
   0.4445037842    0.7845611572    0.8649139404
   0.9445037842    0.2845611572    0.3649139404
   0.1945037842    0.0345611572    0.6149139404
   0.6945037842    0.5345611572    0.1149139404
   0.3195037842    0.1595611572    0.2399139404
   0.8195037842    0.6595611572    0.7399139404
   0.0695037842    0.9095611572    0.4899139404
   0.5695037842    0.4095611572    0.9899139404
   0.2413787842    0.6439361572    0.0680389404
   0.7413787842    0.1439361572    0.5680389404
   0.4913787842    0.3939361572    0.3180389404
   0.9913787842    0.8939361572    0.8180389404
   0.1163787842    0.2689361572    0.9430389404
   0.6163787842    0.7689361572    0.4430389404
   0.3663787842    0.5189361572    0.6930389404
   0.8663787842    0.0189361572    0.1930389404
   0.5538787842    0.2064361572    0.1305389404
   0.0538787842    0.7064361572    0.6305389404
   0.8038787842    0.9564361572    0.3805389404
   0.3038787842    0.4564361572    0.8805389404
   0.6788787842    0.8314361572    0.7555389404
   0.1788787842    0.3314361572    0.2555389404
   0.9288787842    0.0814361572    0.5055389404
   0.4288787842    0.5814361572    0.0055389404
   0.3351287842    0.9251861572    0.2867889404
   0.8351287842    0.4251861572    0.7867889404
   0.0851287842    0.1751861572    0.0367889404
   0.5851287842    0.6751861572    0.5367889404
   0.4601287842    0.0501861572    0.6617889404
   0.9601287842    0.5501861572    0.1617889404
   0.2101287842    0.8001861572    0.9117889404
   0.7101287842    0.3001861572    0.4117889404
   0.8976287842    0.4876861572    0.4742889404
   0.3976287842    0.9876861572    0.9742889404
   0.6476287842    0.7376861572    0.2242889404
   0.1476287842    0.2376861572    0.7242889404
   0.7726287842    0.6126861572    0.5992889404
   0.2726287842    0.1126861572    0.0992889404
   0.5226287842    0.3626861572    0.8492889404
   0.0226287842    0.8626861572    0.3492889404
   0.5890350342    0.3197174072    0.0016326904
   0.0890350342    0.8197174072    0.5016326904
   0.8390350342    0.5697174072    0.2516326904
   0.3390350342    0.0697174072    0.7516326904
   0.7140350342    0.6947174072    0.8766326904
   0.2140350342    0.1947174072    0.3766326904
   0.9640350342    0.4447174072    0.6266326904
   0.4640350342    0.9447174072    0.1266326904
   0.1515350342    0.7572174072    0.1891326904
   0.6515350342    0.2572174072    0.6891326904
   0.4015350342    0.0072174072    0.4391326904
   0.9015350342    0.5072174072    0.9391326904
   0.0265350342    0.1322174072    0.8141326904
   0.5265350342    0.6322174072    0.3141326904
   0.2765350342    0.8822174072    0.5641326904
   0.7765350342    0.3822174072    0.0641326904
   0.9952850342    0.1009674072    0.3453826904
   0.4952850342    0.6009674072    0.8453826904
   0.7452850342    0.8509674072    0.0953826904
   0.2452850342    0.3509674072    0.5953826904
   0.8702850342    0.9759674072    0.7203826904
   0.3702850342    0.4759674072    0.2203826904
   0.6202850342    0.2259674072    0.9703826904
   0.1202850342    0.7259674072    0.4703826904
   0.3077850342    0.5384674072    0.4078826904
   0.8077850342    0.0384674072    0.9078826904
   0.0577850342    0.2884674072    0.1578826904
   0.5577850342    0.7884674072    0.6578826904
   0.4327850342    0.4134674072    0.5328826904
   0.9327850342    0.9134674072    0.0328826904
   0.1827850342    0.6634674072    0.7828826904
   0.6827850342    0.1634674072    0.2828826904
   0.0109100342    0.8978424072    0.6422576904
   0.5109100342    0.3978424072    0.1422576904
   0.2609100342    0.1478424072    0.8922576904
   0.7609100342    0.6478424072    0.3922576904
   0.1359100342    0.0228424072    0.2672576904
   0.6359100342    0.5228424072    0.7672576904
   0.3859100342    0.7728424072    0.0172576904
   0.8859100342    0.2728424072    0.5172576904
   0.6984100342    0.4603424072    0.5797576904
   0.1984100342    0.9603424072    0.0797576904
   0.9484100342    0.7103424072    0.8297576904
   0.4484100342    0.2103424072    0.3297576904
   0.5734100342    0.5853424072    0.4547576904
   0.0734100342    0.0853424072    0.9547576904
   0.8234100342    0.3353424072    0.2047576904
   0.3234100342    0.8353424072    0.7047576904
   0.4171600342    0.6790924072    0.9860076904
   0.9171600342    0.1790924072    0.4860076904
   0.1671600342    0.4290924072    0.7360076904
   0.6671600342    0.9290924072    0.2360076904
   0.2921600342    0.3040924072    0.1110076904
   0.7921600342    0.8040924072    0.6110076904
   0.0421600342    0.5540924072    0.3610076904
   0.5421600342    0.0540924072    0.8610076904
   0.8546600342    0.2415924072    0.7985076904
   0.3546600342    0.7415924072    0.2985076904
   0.6046600342    0.9915924072    0.5485076904
   0.1046600342    0.4915924072    0.0485076904
   0.9796600342    0.8665924072    0.1735076904
   0.4796600342    0.3665924072    0.6735076904
   0.7296600342    0.1165924072    0.4235076904
   0.2296600342    0.6165924072    0.9235076904
   0.3468475342    0.4056549072    0.8688201904
   0.8468475342    0.9056549072    0.3688201904
   0.0968475342    0.6556549072    0.6188201904
   0.5968475342    0.1556549072    0.1188201904
   0.4718475342    0.5306549072    0.2438201904
   0.9718475342    0.0306549072    0.7438201904
   0.2218475342    0.2806549072    0.4938201904
   0.7218475342    0.7806549072    0.9938201904
   0.9093475342    0.9681549072    0.9313201904
   0.4093475342    0.4681549072    0.4313201904
   0.6593475342    0.2181549072    0.6813201904
   0.1593475342    0.7181549072    0.1813201904
   0.7843475342    0.0931549072    0.0563201904
   0.2843475342    0.5931549072    0.5563201904
   0.5343475342    0.8431549072    0.3063201904
   0.0343475342    0.3431549072    0.8063201904
   0.1905975342    0.1869049072    0.5250701904
   0.6905975342    0.6869049072    0.0250701904
   0.4405975342    0.9369049072    0.7750701904
   0.9405975342    0.4369049072    0.2750701904
   0.0655975342    0.8119049072    0.4000701904
   0.5655975342    0.3119049072    0.9000701904
   0.3155975342    0.0619049072    0.1500701904
   0.8155975342    0.5619049072    0.6500701904
   0.5030975342    0.7494049072    0.7125701904
   0.0030975342    0.2494049072    0.2125701904
   0.7530975342    0.4994049072    0.9625701904
   0.2530975342    0.9994049072    0.4625701904
   0.6280975342    0.3744049072    0.3375701904
   0.1280975342    0.8744049072    0.8375701904
   0.8780975342    0.6244049072    0.0875701904
   0.3780975342    0.1244049072    0.5875701904
   0.7999725342    0.8275299072    0.4781951904
   0.2999725342    0.3275299072    0.9781951904
   0.5499725342    0.0775299072    0.2281951904
   0.0499725342    0.5775299072    0.7281951904
   0.9249725342    0.2025299072    0.6031951904
   0.4249725342    0.7025299072    0.1031951904
   0.6749725342    0.9525299072    0.8531951904
   0.1749725342    0.4525299072    0.3531951904
   0.4874725342    0.2650299072    0.2906951904
   0.9874725342    0.7650299072    0.7906951904
   0.2374725342    0.5150299072    0.0406951904
   0.7374725342    0.0150299072    0.5406951904
   0.3624725342    0.6400299072    0.6656951904
   0.8624725342    0.1400299072    0.1656951904
   0.1124725342    0.3900299072    0.9156951904
   0.6124725342    0.8900299072    0.4156951904
   0.6437225342    0.6087799072    0.1344451904
   0.1437225342    0.1087799072    0.6344451904
   0.8937225342    0.3587799072    0.3844451904
   0.3937225342    0.8587799072    0.8844451904
   0.5187225342    0.4837799072    0.7594451904
   0.0187225342    0.9837799072    0.2594451904
   0.7687225342    0.7337799072    0.5094451904
   0.2687225342    0.2337799072    0.0094451904
   0.0812225342    0.0462799072    0.0719451904
   0.5812225342    0.5462799072    0.5719451904
   0.3312225342    0.7962799072    0.3219451904
   0.8312225342    0.2962799072    0.8219451904
   0.2062225342    0.9212799072    0.9469451904
   0.7062225342    0.4212799072    0.4469451904
   0.4562225342    0.1712799072    0.6969451904
   0.9562225342    0.6712799072    0.1969451904
   0.1847381592    0.9505767822    0.5738983154
   0.6847381592    0.4505767822    0.0738983154
   0.4347381592    0.2005767822    0.8238983154
   0.9347381592    0.7005767822    0.3238983154
   0.0597381592    0.0755767822    0.4488983154
   0.5597381592    0.5755767822    0.9488983154
   0.3097381592    0.8255767822    0.1988983154
   0.8097381592    0.3255767822    0.6988983154
   0.6222381592    0.3880767822    0.6363983154
   0.1222381592    0.8880767822    0.1363983154
   0.8722381592    0.6380767822    0.8863983154
   0.3722381592    0.1380767822    0.3863983154
   0.7472381592    0.5130767822    0.2613983154
   0.2472381592    0.0130767822    0.7613983154
   0.9972381592    0.2630767822    0.0113983154
   0.4972381592    0.7630767822    0.5113983154
   0.2784881592    0.7318267822    0.7926483154
   0.7784881592    0.2318267822    0.2926483154
   0.0284881592    0.4818267822    0.5426483154
   0.5284881592    0.9818267822    0.0426483154
   0.4034881592    0.3568267822    0.1676483154
   0.9034881592    0.8568267822    0.6676483154
   0.1534881592    0.6068267822    0.4176483154
   0.6534881592    0.1068267822    0.9176483154
   0.9659881592    0.1693267822    0.9801483154
   0.4659881592    0.6693267822    0.4801483154
   0.7159881592    0.9193267822    0.7301483154
   0.2159881592    0.4193267822    0.2301483154
   0.8409881592    0.7943267822    0.1051483154
   0.3409881592    0.2943267822    0.6051483154
   0.5909881592    0.0443267822    0.3551483154
   0.0909881592    0.5443267822    0.8551483154
   0.7316131592    0.2787017822    0.2145233154
   0.2316131592    0.7787017822    0.7145233154
   0.9816131592    0.5287017822    0.4645233154
   0.4816131592    0.0287017822    0.9645233154
   0.6066131592    0.6537017822    0.8395233154
   0.1066131592    0.1537017822    0.3395233154
   0.8566131592    0.4037017822    0.5895233154
   0.3566131592    0.9037017822    0.0895233154
   0.0441131592    0.8412017822    0.0270233154
   0.5441131592    0.3412017822    0.5270233154
   0.2941131592    0.0912017822    0.2770233154
   0.7941131592    0.5912017822    0.7770233154
   0.1691131592    0.2162017822    0.9020233154
   0.6691131592    0.7162017822    0.4020233154
   0.4191131592    0.9662017822    0.6520233154
   0.9191131592    0.4662017822    0.1520233154
   0.8253631592    0.0599517822    0.4332733154
   0.3253631592    0.5599517822    0.9332733154
   0.5753631592    0.8099517822    0.1832733154
   0.0753631592    0.3099517822    0.6832733154
   0.9503631592    0.9349517822    0.5582733154
   0.4503631592    0.4349517822    0.0582733154
   0.7003631592    0.1849517822    0.8082733154
   0.2003631592    0.6849517822    0.3082733154
   0.3878631592    0.6224517822    0.3707733154
   0.8878631592    0.1224517822    0.8707733154
   0.1378631592    0.3724517822    0.1207733154
   0.6378631592    0.8724517822    0.6207733154
   0.2628631592    0.4974517822    0.7457733154
   0.7628631592    0.9974517822    0.2457733154
   0.0128631592    0.7474517822    0.9957733154
   0.5128631592    0.2474517822    0.4957733154
   0.8800506592    0.7708892822    0.3004608154
   0.3800506592    0.2708892822    0.8004608154
   0.6300506592    0.0208892822    0.0504608154
   0.1300506592    0.5208892822    0.5504608154
   0.7550506592    0.1458892822    0.6754608154
   0.2550506592    0.6458892822    0.1754608154
   0.5050506592    0.8958892822    0.9254608154
   0.0050506592    0.3958892822    0.4254608154
   0.3175506592    0.3333892822    0.4879608154
   0.8175506592    0.8333892822    0.9879608154
   0.0675506592    0.5833892822    0.2379608154
   0.5675506592    0.0833892822    0.7379608154
   0.4425506592    0.7083892822    0.6129608154
   0.9425506592    0.2083892822    0.1129608154
   0.1925506592    0.4583892822    0.8629608154
   0.6925506592    0.9583892822    0.3629608154
   0.5363006592    0.5521392822    0.0817108154
   0.0363006592    0.0521392822    0.5817108154
   0.7863006592    0.3021392822    0.3317108154
   0.2863006592    0.8021392822    0.8317108154
   0.6613006592    0.4271392822    0.9567108154
   0.1613006592    0.9271392822    0.4567108154
   0.9113006592    0.6771392822    0.7067108154
   0.4113006592    0.1771392822    0.2067108154
   0.2238006592    0.1146392822    0.1442108154
   0.7238006592    0.6146392822    0.6442108154
   0.4738006592    0.8646392822    0.3942108154
   0.9738006592    0.3646392822    0.8942108154
   0.0988006592    0.9896392822    0.7692108154
   0.5988006592    0.4896392822    0.2692108154
   0.3488006592    0.2396392822    0.5192108154
   0.8488006592    0.7396392822    0.0192108154
   0.4581756592    0.4427642822    0.9098358154
   0.9581756592    0.9427642822    0.4098358154
   0.2081756592    0.6927642822    0.6598358154
   0.7081756592    0.1927642822    0.1598358154
   0.3331756592    0.5677642822    0.0348358154
   0.8331756592    0.0677642822    0.5348358154
   0.0831756592    0.3177642822    0.2848358154
   0.5831756592    0.8177642822    0.7848358154
   0.7706756592    0.8802642822    0.8473358154
   0.2706756592    0.3802642822    0.3473358154
   0.5206756592    0.1302642822    0.5973358154
   0.0206756592    0.6302642822    0.0973358154
   0.8956756592    0.0052642822    0.2223358154
   0.3956756592    0.5052642822    0.7223358154
   0.6456756592    0.7552642822    0.4723358154
   0.1456756592    0.2552642822    0.9723358154
   0.1144256592    0.2240142822    0.6910858154
   0.6144256592    0.7240142822    0.1910858154
   0.3644256592    0.9740142822    0.9410858154
   0.8644256592    0.4740142822    0.4410858154
   0.2394256592    0.8490142822    0.3160858154
   0.7394256592    0.3490142822    0.8160858154
   0.4894256592    0.0990142822    0.0660858154
   0.9894256592    0.5990142822    0.5660858154
   0.6769256592    0.6615142822    0.5035858154
   0.1769256592    0.1615142822    0.0035858154
   0.9269256592    0.4115142822    0.7535858154
   0.4269256592    0.9115142822    0.2535858154
   0.5519256592    0.2865142822    0.3785858154
   0.0519256592    0.7865142822    0.8785858154
   0.8019256592    0.5365142822    0.1285858154
   0.3019256592    0.0365142822    0.6285858154
   0.8683319092    0.5169830322    0.9762420654
   0.3683319092    0.0169830322    0.4762420654
   0.6183319092    0.2669830322    0.7262420654
   0.1183319092    0.7669830322    0.2262420654
   0.9933319092    0.3919830322    0.1012420654
   0.4933319092    0.8919830322    0.6012420654
   0.7433319092    0.6419830322    0.3512420654
   0.2433319092    0.1419830322    0.8512420654
   0.4308319092    0.0794830322    0.7887420654
   0.9308319092    0.5794830322    0.2887420654
   0.1808319092    0.8294830322    0.5387420654
   0.6808319092    0.3294830322    0.0387420654
   0.3058319092    0.9544830322    0.1637420654
   0.8058319092    0.4544830322    0.6637420654
   0.0558319092    0.2044830322    0.4137420654
   0.5558319092    0.7044830322    0.9137420654
   0.7120819092    0.7982330322    0.6324920654
   0.2120819092    0.2982330322    0.1324920654
   0.9620819092    0.0482330322    0.8824920654
   0.4620819092    0.5482330322    0.3824920654
   0.5870819092    0.1732330322    0.2574920654
   0.0870819092    0.6732330322    0.7574920654
   0.8370819092    0.9232330322    0.0074920654
   0.3370819092    0.4232330322    0.5074920654
   0.0245819092    0.3607330322    0.5699920654
   0.5245819092    0.8607330322    0.0699920654
   0.2745819092    0.6107330322    0.8199920654
   0.7745819092    0.1107330322    0.3199920654
   0.1495819092    0.7357330322    0.4449920654
   0.6495819092    0.2357330322    0.9449920654
   0.3995819092    0.4857330322    0.1949920654
   0.8995819092    0.9857330322    0.6949920654
   0.2902069092    0.1888580322    0.3668670654
   0.7902069092    0.6888580322    0.8668670654
   0.0402069092    0.9388580322    0.1168670654
   0.5402069092    0.4388580322    0.6168670654
   0.4152069092    0.8138580322    0.7418670654
   0.9152069092    0.3138580322    0.2418670654
   0.1652069092    0.0638580322    0.9918670654
   0.6652069092    0.5638580322    0.4918670654
   0.9777069092    0.6263580322    0.4293670654
   0.4777069092    0.1263580322    0.9293670654
   0.7277069092    0.3763580322    0.1793670654
   0.2277069092    0.8763580322    0.6793670654
   0.8527069092    0.2513580322    0.5543670654
   0.3527069092    0.7513580322    0.0543670654
   0.6027069092    0.5013580322    0.8043670654
   0.1027069092    0.0013580322    0.3043670654
   0.1339569092    0.4701080322    0.0231170654
   0.6339569092    0.9701080322    0.5231170654
   0.3839569092    0.7201080322    0.2731170654
   0.8839569092    0.2201080322    0.7731170654
   0.0089569092    0.5951080322    0.8981170654
   0.5089569092    0.0951080322    0.3981170654
   0.2589569092    0.3451080322    0.6481170654
   0.7589569092    0.8451080322    0.1481170654
   0.5714569092    0.9076080322    0.2106170654
   0.0714569092    0.4076080322    0.7106170654
   0.8214569092    0.1576080322    0.4606170654
   0.3214569092    0.6576080322    0.9606170654
   0.6964569092    0.0326080322    0.8356170654
   0.1964569092    0.5326080322    0.3356170654
   0.9464569092    0.7826080322    0.5856170654
   0.4464569092    0.2826080322    0.0856170654
   0.0636444092    0.6966705322    0.1559295654
   0.5636444092    0.1966705322    0.6559295654
   0.3136444092    0.4466705322    0.4059295654
   0.8136444092    0.9466705322    0.9059295654
   0.1886444092    0.3216705322    0.7809295654
   0.6886444092    0.8216705322    0.2809295654
   0.4386444092    0.5716705322    0.5309295654
   0.9386444092    0.0716705322    0.0309295654
   0.6261444092    0.1341705322    0.0934295654
   0.1261444092    0.6341705322    0.5934295654
   0.8761444092    0.8841705322    0.3434295654
   0.3761444092    0.3841705322    0.8434295654
   0.5011444092    0.7591705322    0.9684295654
   0.0011444092    0.2591705322    0.4684295654
   0.7511444092    0.0091705322    0.7184295654
   0.2511444092    0.5091705322    0.2184295654
   0.4698944092    0.9779205322    0.4996795654
   0.9698944092    0.4779205322    0.9996795654
   0.2198944092    0.2279205322    0.2496795654
   0.7198944092    0.7279205322    0.7496795654
   0.3448944092    0.1029205322    0.6246795654
   0.8448944092    0.6029205322    0.1246795654
   0.0948944092    0.8529205322    0.8746795654
   0.5948944092    0.3529205322    0.3746795654
   0.7823944092    0.4154205322    0.3121795654
   0.2823944092    0.9154205322    0.8121795654
   0.5323944092    0.6654205322    0.0621795654
   0.0323944092    0.1654205322    0.5621795654
   0.9073944092    0.5404205322    0.6871795654
   0.4073944092    0.0404205322    0.1871795654
   0.6573944092    0.2904205322    0.9371795654
   0.1573944092    0.7904205322    0.4371795654
   0.5167694092    0.0247955322    0.5153045654
   0.0167694092    0.5247955322    0.0153045654
   0.7667694092    0.7747955322    0.7653045654
   0.2667694092    0.2747955322    0.2653045654
   0.6417694092    0.8997955322    0.3903045654
   0.1417694092    0.3997955322    0.8903045654
   0.8917694092    0.1497955322    0.1403045654
   0.3917694092    0.6497955322    0.6403045654
   0.2042694092    0.5872955322    0.7028045654
   0.7042694092    0.0872955322    0.2028045654
   0.4542694092    0.3372955322    0.9528045654
   0.9542694092    0.8372955322    0.4528045654
   0.0792694092    0.4622955322    0.3278045654
   0.5792694092    0.9622955322    0.8278045654
   0.3292694092    0.7122955322    0.0778045654
   0.8292694092    0.2122955322    0.5778045654
   0.9230194092    0.3060455322    0.8590545654
   0.4230194092    0.8060455322    0.3590545654
   0.6730194092    0.5560455322    0.6090545654
   0.1730194092    0.0560455322    0.1090545654
   0.7980194092    0.6810455322    0.2340545654
   0.2980194092    0.1810455322    0.7340545654
   0.5480194092    0.4310455322    0.4840545654
   0.0480194092    0.9310455322    0.9840545654
   0.3605194092    0.8685455322    0.9215545654
   0.8605194092    0.3685455322    0.4215545654
   0.1105194092    0.1185455322    0.6715545654
   0.6105194092    0.6185455322    0.1715545654
   0.4855194092    0.2435455322    0.0465545654
   0.9855194092    0.7435455322    0.5465545654
   0.2355194092    0.9935455322    0.2965545654
   0.7355194092    0.4935455322    0.7965545654
   0.9010467529    0.3719635010    0.6398162842
   0.4010467529    0.8719635010    0.1398162842
   0.6510467529    0.6219635010    0.8898162842
   0.1510467529    0.1219635010    0.3898162842
   0.7760467529    0.7469635010    0.2648162842
   0.2760467529    0.2469635010    0.7648162842
   0.5260467529    0.4969635010    0.0148162842
   0.0260467529    0.9969635010    0.5148162842
   0.3385467529    0.8094635010    0.5773162842
   0.8385467529    0.3094635010    0.0773162842
   0.0885467529    0.0594635010    0.8273162842
   0.5885467529    0.5594635010    0.3273162842
   0.4635467529    0.1844635010    0.4523162842
   0.9635467529    0.6844635010    0.9523162842
   0.2135467529    0.9344635010    0.2023162842
   0.7135467529    0.4344635010    0.7023162842
   0.5572967529    0.0907135010    0.9835662842
   0.0572967529    0.5907135010    0.4835662842
   0.8072967529    0.8407135010    0.7335662842
   0.3072967529    0.3407135010    0.2335662842
   0.6822967529    0.9657135010    0.1085662842
   0.1822967529    0.4657135010    0.6085662842
   0.9322967529    0.2157135010    0.3585662842
   0.4322967529    0.7157135010    0.8585662842
   0.2447967529    0.5282135010    0.7960662842
   0.7447967529    0.0282135010    0.2960662842
   0.4947967529    0.2782135010    0.5460662842
   0.9947967529    0.7782135010    0.0460662842
   0.1197967529    0.4032135010    0.1710662842
   0.6197967529    0.9032135010    0.6710662842
   0.3697967529    0.6532135010    0.4210662842
   0.8697967529    0.1532135010    0.9210662842
   0.4479217529    0.9188385010    0.0304412842
   0.9479217529    0.4188385010    0.5304412842
   0.1979217529    0.1688385010    0.2804412842
   0.6979217529    0.6688385010    0.7804412842
   0.3229217529    0.0438385010    0.9054412842
   0.8229217529    0.5438385010    0.4054412842
   0.0729217529    0.7938385010    0.6554412842
   0.5729217529    0.2938385010    0.1554412842
   0.7604217529    0.4813385010    0.2179412842
   0.2604217529    0.9813385010    0.7179412842
   0.5104217529    0.7313385010    0.4679412842
   0.0104217529    0.2313385010    0.9679412842
   0.8854217529    0.6063385010    0.8429412842
   0.3854217529    0.1063385010    0.3429412842
   0.6354217529    0.3563385010    0.5929412842
   0.1354217529    0.8563385010    0.0929412842
   0.1041717529    0.6375885010    0.3741912842
   0.6041717529    0.1375885010    0.8741912842
   0.3541717529    0.3875885010    0.1241912842
   0.8541717529    0.8875885010    0.6241912842
   0.2291717529    0.2625885010    0.7491912842
   0.7291717529    0.7625885010    0.2491912842
   0.4791717529    0.5125885010    0.9991912842
   0.9791717529    0.0125885010    0.4991912842
   0.6666717529    0.2000885010    0.4366912842
   0.1666717529    0.7000885010    0.9366912842
   0.9166717529    0.9500885010    0.1866912842
   0.4166717529    0.4500885010    0.6866912842
   0.5416717529    0.8250885010    0.5616912842
   0.0416717529    0.3250885010    0.0616912842
   0.7916717529    0.0750885010    0.8116912842
   0.2916717529    0.5750885010    0.3116912842
   0.1588592529    0.4110260010    0.4913787842
   0.6588592529    0.9110260010    0.9913787842
   0.4088592529    0.6610260010    0.2413787842
   0.9088592529    0.1610260010    0.7413787842
   0.0338592529    0.5360260010    0.6163787842
   0.5338592529    0.0360260010    0.1163787842
   0.2838592529    0.2860260010    0.8663787842
   0.7838592529    0.7860260010    0.3663787842
   0.5963592529    0.9735260010    0.3038787842
   0.0963592529    0.4735260010    0.8038787842
   0.8463592529    0.2235260010    0.0538787842
   0.3463592529    0.7235260010    0.5538787842
   0.7213592529    0.0985260010    0.6788787842
   0.2213592529    0.5985260010    0.1788787842
   0.9713592529    0.8485260010    0.9288787842
   0.4713592529    0.3485260010    0.4288787842
   0.2526092529    0.1297760010    0.1476287842
   0.7526092529    0.6297760010    0.6476287842
   0.0026092529    0.8797760010    0.3976287842
   0.5026092529    0.3797760010    0.8976287842
   0.3776092529    0.7547760010    0.7726287842
   0.8776092529    0.2547760010    0.2726287842
   0.1276092529    0.0047760010    0.5226287842
   0.6276092529    0.5047760010    0.0226287842
   0.9401092529    0.6922760010    0.0851287842
   0.4401092529    0.1922760010    0.5851287842
   0.6901092529    0.4422760010    0.3351287842
   0.1901092529    0.9422760010    0.8351287842
   0.8151092529    0.3172760010    0.9601287842
   0.3151092529    0.8172760010    0.4601287842
   0.5651092529    0.5672760010    0.7101287842
   0.0651092529    0.0672760010    0.2101287842
   0.7369842529    0.8641510010    0.8507537842
   0.2369842529    0.3641510010    0.3507537842
   0.9869842529    0.1141510010    0.6007537842
   0.4869842529    0.6141510010    0.1007537842
   0.6119842529    0.2391510010    0.2257537842
   0.1119842529    0.7391510010    0.7257537842
   0.8619842529    0.9891510010    0.4757537842
   0.3619842529    0.4891510010    0.9757537842
   0.0494842529    0.3016510010    0.9132537842
   0.5494842529    0.8016510010    0.4132537842
   0.2994842529    0.5516510010    0.6632537842
   0.7994842529    0.0516510010    0.1632537842
   0.1744842529    0.6766510010    0.0382537842
   0.6744842529    0.1766510010    0.5382537842
   0.4244842529    0.4266510010    0.2882537842
   0.9244842529    0.9266510010    0.7882537842
   0.8307342529    0.5829010010    0.5070037842
   0.3307342529    0.0829010010    0.0070037842
   0.5807342529    0.3329010010    0.7570037842
   0.0807342529    0.8329010010    0.2570037842
   0.9557342529    0.4579010010    0.3820037842
   0.4557342529    0.9579010010    0.8820037842
   0.7057342529    0.7079010010    0.1320037842
   0.2057342529    0.2079010010    0.6320037842
   0.3932342529    0.0204010010    0.6945037842
   0.8932342529    0.5204010010    0.1945037842
   0.1432342529    0.7704010010    0.9445037842
   0.6432342529    0.2704010010    0.4445037842
   0.2682342529    0.8954010010    0.3195037842
   0.7682342529    0.3954010010    0.8195037842
   0.0182342529    0.1454010010    0.0695037842
   0.5182342529    0.6454010010    0.5695037842
   0.0924530029    0.1571197510    0.7843475342
   0.5924530029    0.6571197510    0.2843475342
   0.3424530029    0.9071197510    0.5343475342
   0.8424530029    0.4071197510    0.0343475342
   0.2174530029    0.7821197510    0.1593475342
   0.7174530029    0.2821197510    0.6593475342
   0.4674530029    0.0321197510    0.4093475342
   0.9674530029    0.5321197510    0.9093475342
   0.6549530029    0.7196197510    0.9718475342
   0.1549530029    0.2196197510    0.4718475342
   0.9049530029    0.4696197510    0.7218475342
   0.4049530029    0.9696197510    0.2218475342
   0.5299530029    0.3446197510    0.0968475342
   0.0299530029    0.8446197510    0.5968475342
   0.7799530029    0.5946197510    0.3468475342
   0.2799530029    0.0946197510    0.8468475342
   0.4987030029    0.3758697510    0.5655975342
   0.9987030029    0.8758697510    0.0655975342
   0.2487030029    0.6258697510    0.8155975342
   0.7487030029    0.1258697510    0.3155975342
   0.3737030029    0.5008697510    0.4405975342
   0.8737030029    0.0008697510    0.9405975342
   0.1237030029    0.2508697510    0.1905975342
   0.6237030029    0.7508697510    0.6905975342
   0.8112030029    0.9383697510    0.6280975342
   0.3112030029    0.4383697510    0.1280975342
   0.5612030029    0.1883697510    0.8780975342
   0.0612030029    0.6883697510    0.3780975342
   0.9362030029    0.0633697510    0.2530975342
   0.4362030029    0.5633697510    0.7530975342
   0.6862030029    0.8133697510    0.0030975342
   0.1862030029    0.3133697510    0.5030975342
   0.5143280029    0.6102447510    0.4249725342
   0.0143280029    0.1102447510    0.9249725342
   0.7643280029    0.3602447510    0.1749725342
   0.2643280029    0.8602447510    0.6749725342
   0.6393280029    0.4852447510    0.5499725342
   0.1393280029    0.9852447510    0.0499725342
   0.8893280029    0.7352447510    0.7999725342
   0.3893280029    0.2352447510    0.2999725342
   0.2018280029    0.0477447510    0.3624725342
   0.7018280029    0.5477447510    0.8624725342
   0.4518280029    0.7977447510    0.1124725342
   0.9518280029    0.2977447510    0.6124725342
   0.0768280029    0.9227447510    0.7374725342
   0.5768280029    0.4227447510    0.2374725342
   0.3268280029    0.1727447510    0.9874725342
   0.8268280029    0.6727447510    0.4874725342
   0.9205780029    0.8289947510    0.2062225342
   0.4205780029    0.3289947510    0.7062225342
   0.6705780029    0.0789947510    0.4562225342
   0.1705780029    0.5789947510    0.9562225342
   0.7955780029    0.2039947510    0.8312225342
   0.2955780029    0.7039947510    0.3312225342
   0.5455780029    0.9539947510    0.5812225342
   0.0455780029    0.4539947510    0.0812225342
   0.3580780029    0.2664947510    0.0187225342
   0.8580780029    0.7664947510    0.5187225342
   0.1080780029    0.5164947510    0.2687225342
   0.6080780029    0.0164947510    0.7687225342
   0.4830780029    0.6414947510    0.8937225342
   0.9830780029    0.1414947510    0.3937225342
   0.2330780029    0.3914947510    0.6437225342
   0.7330780029    0.8914947510    0.1437225342
   0.8502655029    0.1180572510    0.0890350342
   0.3502655029    0.6180572510    0.5890350342
   0.6002655029    0.8680572510    0.3390350342
   0.1002655029    0.3680572510    0.8390350342
   0.9752655029    0.9930572510    0.9640350342
   0.4752655029    0.4930572510    0.4640350342
   0.7252655029    0.2430572510    0.7140350342
   0.2252655029    0.7430572510    0.2140350342
   0.4127655029    0.5555572510    0.1515350342
   0.9127655029    0.0555572510    0.6515350342
   0.1627655029    0.3055572510    0.4015350342
   0.6627655029    0.8055572510    0.9015350342
   0.2877655029    0.4305572510    0.7765350342
   0.7877655029    0.9305572510    0.2765350342
   0.0377655029    0.6805572510    0.5265350342
