   0.0049133301    0.5836486816    0.1060485840
   0.0068664551    0.0856018066    0.9517517090
   0.5068664551    0.5856018066    0.4517517090
   0.7568664551    0.3356018066    0.2017517090
   0.2568664551    0.8356018066    0.7017517090
   0.3818664551    0.4606018066    0.3267517090
   0.8818664551    0.9606018066    0.8267517090
   0.6318664551    0.2106018066    0.5767517090
   0.1318664551    0.7106018066    0.0767517090
   0.1943664551    0.2731018066    0.6392517090
   0.6943664551    0.7731018066    0.1392517090
   0.9443664551    0.0231018066    0.3892517090
   0.4443664551    0.5231018066    0.8892517090
   0.3193664551    0.1481018066    0.0142517090
   0.8193664551    0.6481018066    0.5142517090
   0.5693664551    0.3981018066    0.7642517090
   0.0693664551    0.8981018066    0.2642517090
   0.1006164551    0.4293518066    0.1705017090
   0.6006164551    0.9293518066    0.6705017090
   0.8506164551    0.1793518066    0.9205017090
   0.3506164551    0.6793518066    0.4205017090
   0.4756164551    0.0543518066    0.5455017090
   0.9756164551    0.5543518066    0.0455017090
   0.7256164551    0.3043518066    0.2955017090
   0.2256164551    0.8043518066    0.7955017090
   0.1631164551    0.2418518066    0.4830017090
   0.6631164551    0.7418518066    0.9830017090
   0.9131164551    0.4918518066    0.7330017090
   0.4131164551    0.9918518066    0.2330017090
   0.2881164551    0.3668518066    0.8580017090
   0.7881164551    0.8668518066    0.3580017090
   0.5381164551    0.1168518066    0.1080017090
   0.0381164551    0.6168518066    0.6080017090
   0.0537414551    0.3199768066    0.4361267090
   0.5537414551    0.8199768066    0.9361267090
   0.8037414551    0.0699768066    0.6861267090
   0.3037414551    0.5699768066    0.1861267090
   0.4287414551    0.1949768066    0.8111267090
   0.9287414551    0.6949768066    0.3111267090
   0.6787414551    0.4449768066    0.0611267090
   0.1787414551    0.9449768066    0.5611267090
   0.2412414551    0.0074768066    0.2486267090
   0.7412414551    0.5074768066    0.7486267090
   0.9912414551    0.2574768066    0.9986267090
   0.4912414551    0.7574768066    0.4986267090
   0.3662414551    0.3824768066    0.6236267090
   0.8662414551    0.8824768066    0.1236267090
   0.6162414551    0.1324768066    0.3736267090
   0.1162414551    0.6324768066    0.8736267090
   0.0849914551    0.1637268066    0.7173767090
   0.5849914551    0.6637268066    0.2173767090
   0.8349914551    0.4137268066    0.4673767090
   0.3349914551    0.9137268066    0.9673767090
   0.4599914551    0.2887268066    0.0923767090
   0.9599914551    0.7887268066    0.5923767090
   0.7099914551    0.0387268066    0.8423767090
   0.2099914551    0.5387268066    0.3423767090
   0.1474914551    0.4762268066    0.9048767090
   0.6474914551    0.9762268066    0.4048767090
   0.8974914551    0.2262268066    0.1548767090
   0.3974914551    0.7262268066    0.6548767090
   0.2724914551    0.1012268066    0.2798767090
   0.7724914551    0.6012268066    0.7798767090
   0.5224914551    0.3512268066    0.5298767090
   0.0224914551    0.8512268066    0.0298767090
   0.0303039551    0.4527893066    0.5064392090
   0.5303039551    0.9527893066    0.0064392090
   0.7803039551    0.2027893066    0.2564392090
   0.2803039551    0.7027893066    0.7564392090
   0.4053039551    0.0777893066    0.1314392090
   0.9053039551    0.5777893066    0.6314392090
   0.6553039551    0.3277893066    0.8814392090
   0.1553039551    0.8277893066    0.3814392090
   0.2178039551    0.1402893066    0.8189392090
   0.7178039551    0.6402893066    0.3189392090
   0.9678039551    0.3902893066    0.0689392090
   0.4678039551    0.8902893066    0.5689392090
   0.3428039551    0.2652893066    0.4439392090
   0.8428039551    0.7652893066    0.9439392090
   0.5928039551    0.0152893066    0.6939392090
   0.0928039551    0.5152893066    0.1939392090
   0.1240539551    0.0465393066    0.3501892090
   0.6240539551    0.5465393066    0.8501892090
   0.8740539551    0.2965393066    0.6001892090
   0.3740539551    0.7965393066    0.1001892090
   0.4990539551    0.4215393066    0.9751892090
   0.9990539551    0.9215393066    0.4751892090
   0.7490539551    0.1715393066    0.2251892090
   0.2490539551    0.6715393066    0.7251892090
   0.1865539551    0.3590393066    0.0376892090
   0.6865539551    0.8590393066    0.5376892090
   0.9365539551    0.1090393066    0.7876892090
   0.4365539551    0.6090393066    0.2876892090
   0.3115539551    0.2340393066    0.6626892090
   0.8115539551    0.7340393066    0.1626892090
   0.5615539551    0.4840393066    0.4126892090
   0.0615539551    0.9840393066    0.9126892090
   0.0459289551    0.2184143066    0.1158142090
   0.5459289551    0.7184143066    0.6158142090
   0.7959289551    0.4684143066    0.8658142090
   0.2959289551    0.9684143066    0.3658142090
   0.4209289551    0.3434143066    0.7408142090
   0.9209289551    0.8434143066    0.2408142090
   0.6709289551    0.0934143066    0.4908142090
   0.1709289551    0.5934143066    0.9908142090
   0.2334289551    0.4059143066    0.3033142090
   0.7334289551    0.9059143066    0.8033142090
   0.9834289551    0.1559143066    0.5533142090
   0.4834289551    0.6559143066    0.0533142090
   0.3584289551    0.0309143066    0.9283142090
   0.8584289551    0.5309143066    0.4283142090
   0.6084289551    0.2809143066    0.1783142090
   0.1084289551    0.7809143066    0.6783142090
   0.0771789551    0.3121643066    0.7720642090
   0.5771789551    0.8121643066    0.2720642090
   0.8271789551    0.0621643066    0.0220642090
   0.3271789551    0.5621643066    0.5220642090
   0.4521789551    0.1871643066    0.3970642090
   0.9521789551    0.6871643066    0.8970642090
   0.7021789551    0.4371643066    0.6470642090
   0.2021789551    0.9371643066    0.1470642090
   0.1396789551    0.1246643066    0.5845642090
   0.6396789551    0.6246643066    0.0845642090
   0.8896789551    0.3746643066    0.3345642090
   0.3896789551    0.8746643066    0.8345642090
   0.2646789551    0.4996643066    0.2095642090
   0.7646789551    0.9996643066    0.7095642090
   0.5146789551    0.2496643066    0.9595642090
   0.0146789551    0.7496643066    0.4595642090
   0.0107727051    0.2535705566    0.2290954590
   0.5107727051    0.7535705566    0.7290954590
   0.7607727051    0.0035705566    0.9790954590
   0.2607727051    0.5035705566    0.4790954590
   0.3857727051    0.1285705566    0.6040954590
   0.8857727051    0.6285705566    0.1040954590
   0.6357727051    0.3785705566    0.3540954590
   0.1357727051    0.8785705566    0.8540954590
   0.1982727051    0.0660705566    0.4165954590
   0.6982727051    0.5660705566    0.9165954590
   0.9482727051    0.3160705566    0.6665954590
   0.4482727051    0.8160705566    0.1665954590
   0.3232727051    0.4410705566    0.7915954590
   0.8232727051    0.9410705566    0.2915954590
   0.5732727051    0.1910705566    0.0415954590
   0.0732727051    0.6910705566    0.5415954590
   0.1045227051    0.2223205566    0.8853454590
   0.6045227051    0.7223205566    0.3853454590
   0.8545227051    0.4723205566    0.1353454590
   0.3545227051    0.9723205566    0.6353454590
   0.4795227051    0.3473205566    0.2603454590
   0.9795227051    0.8473205566    0.7603454590
   0.7295227051    0.0973205566    0.5103454590
   0.2295227051    0.5973205566    0.0103454590
   0.1670227051    0.4098205566    0.6978454590
   0.6670227051    0.9098205566    0.1978454590
   0.9170227051    0.1598205566    0.4478454590
   0.4170227051    0.6598205566    0.9478454590
   0.2920227051    0.0348205566    0.0728454590
   0.7920227051    0.5348205566    0.5728454590
   0.5420227051    0.2848205566    0.8228454590
   0.0420227051    0.7848205566    0.3228454590
   0.0576477051    0.0191955566    0.6509704590
   0.5576477051    0.5191955566    0.1509704590
   0.8076477051    0.2691955566    0.4009704590
   0.3076477051    0.7691955566    0.9009704590
   0.4326477051    0.3941955566    0.0259704590
   0.9326477051    0.8941955566    0.5259704590
   0.6826477051    0.1441955566    0.7759704590
   0.1826477051    0.6441955566    0.2759704590
   0.2451477051    0.3316955566    0.9634704590
   0.7451477051    0.8316955566    0.4634704590
   0.9951477051    0.0816955566    0.2134704590
   0.4951477051    0.5816955566    0.7134704590
   0.3701477051    0.2066955566    0.3384704590
   0.8701477051    0.7066955566    0.8384704590
   0.6201477051    0.4566955566    0.5884704590
   0.1201477051    0.9566955566    0.0884704590
   0.0888977051    0.4879455566    0.4947204590
   0.5888977051    0.9879455566    0.9947204590
   0.8388977051    0.2379455566    0.7447204590
   0.3388977051    0.7379455566    0.2447204590
   0.4638977051    0.1129455566    0.8697204590
   0.9638977051    0.6129455566    0.3697204590
   0.7138977051    0.3629455566    0.1197204590
   0.2138977051    0.8629455566    0.6197204590
   0.1513977051    0.1754455566    0.1822204590
   0.6513977051    0.6754455566    0.6822204590
   0.9013977051    0.4254455566    0.9322204590
   0.4013977051    0.9254455566    0.4322204590
   0.2763977051    0.3004455566    0.5572204590
   0.7763977051    0.8004455566    0.0572204590
   0.5263977051    0.0504455566    0.3072204590
   0.0263977051    0.5504455566    0.8072204590
   0.0185852051    0.1520080566    0.2837829590
   0.5185852051    0.6520080566    0.7837829590
   0.7685852051    0.4020080566    0.5337829590
   0.2685852051    0.9020080566    0.0337829590
   0.3935852051    0.2770080566    0.9087829590
   0.8935852051    0.7770080566    0.4087829590
   0.6435852051    0.0270080566    0.1587829590
   0.1435852051    0.5270080566    0.6587829590
   0.2060852051    0.4645080566    0.0962829590
   0.7060852051    0.9645080566    0.5962829590
   0.9560852051    0.2145080566    0.8462829590
   0.4560852051    0.7145080566    0.3462829590
   0.3310852051    0.0895080566    0.7212829590
   0.8310852051    0.5895080566    0.2212829590
   0.5810852051    0.3395080566    0.4712829590
   0.0810852051    0.8395080566    0.9712829590
   0.1123352051    0.3707580566    0.5650329590
   0.6123352051    0.8707580566    0.0650329590
   0.8623352051    0.1207580566    0.3150329590
   0.3623352051    0.6207580566    0.8150329590
   0.4873352051    0.2457580566    0.1900329590
   0.9873352051    0.7457580566    0.6900329590
   0.7373352051    0.4957580566    0.9400329590
   0.2373352051    0.9957580566    0.4400329590
   0.1748352051    0.0582580566    0.7525329590
   0.6748352051    0.5582580566    0.2525329590
   0.9248352051    0.3082580566    0.0025329590
   0.4248352051    0.8082580566    0.5025329590
   0.2998352051    0.4332580566    0.3775329590
   0.7998352051    0.9332580566    0.8775329590
   0.5498352051    0.1832580566    0.6275329590
   0.0498352051    0.6832580566    0.1275329590
   0.0342102051    0.3863830566    0.8306579590
   0.5342102051    0.8863830566    0.3306579590
   0.7842102051    0.1363830566    0.0806579590
   0.2842102051    0.6363830566    0.5806579590
   0.4092102051    0.0113830566    0.4556579590
   0.9092102051    0.5113830566    0.9556579590
   0.6592102051    0.2613830566    0.7056579590
   0.1592102051    0.7613830566    0.2056579590
   0.2217102051    0.1988830566    0.5181579590
   0.7217102051    0.6988830566    0.0181579590
   0.9717102051    0.4488830566    0.2681579590
   0.4717102051    0.9488830566    0.7681579590
   0.3467102051    0.3238830566    0.1431579590
   0.8467102051    0.8238830566    0.6431579590
   0.5967102051    0.0738830566    0.8931579590
   0.0967102051    0.5738830566    0.3931579590
   0.0654602051    0.1051330566    0.0494079590
   0.5654602051    0.6051330566    0.5494079590
   0.8154602051    0.3551330566    0.7994079590
   0.3154602051    0.8551330566    0.2994079590
   0.4404602051    0.4801330566    0.6744079590
   0.9404602051    0.9801330566    0.1744079590
   0.6904602051    0.2301330566    0.4244079590
   0.1904602051    0.7301330566    0.9244079590
   0.1279602051    0.2926330566    0.3619079590
   0.6279602051    0.7926330566    0.8619079590
   0.8779602051    0.0426330566    0.6119079590
   0.3779602051    0.5426330566    0.1119079590
   0.2529602051    0.1676330566    0.9869079590
   0.7529602051    0.6676330566    0.4869079590
   0.5029602051    0.4176330566    0.2369079590
   0.0029602051    0.9176330566    0.7369079590
   0.0019836426    0.1647033691    0.0347595215
   0.5019836426    0.6647033691    0.5347595215
   0.7519836426    0.4147033691    0.7847595215
   0.2519836426    0.9147033691    0.2847595215
   0.3769836426    0.2897033691    0.6597595215
   0.8769836426    0.7897033691    0.1597595215
   0.6269836426    0.0397033691    0.4097595215
   0.1269836426    0.5397033691    0.9097595215
   0.1894836426    0.4772033691    0.3472595215
   0.6894836426    0.9772033691    0.8472595215
   0.9394836426    0.2272033691    0.5972595215
   0.4394836426    0.7272033691    0.0972595215
   0.3144836426    0.1022033691    0.9722595215
   0.8144836426    0.6022033691    0.4722595215
   0.5644836426    0.3522033691    0.2222595215
   0.0644836426    0.8522033691    0.7222595215
   0.0957336426    0.3209533691    0.8160095215
   0.5957336426    0.8209533691    0.3160095215
   0.8457336426    0.0709533691    0.0660095215
   0.3457336426    0.5709533691    0.5660095215
   0.4707336426    0.1959533691    0.4410095215
   0.9707336426    0.6959533691    0.9410095215
   0.7207336426    0.4459533691    0.6910095215
   0.2207336426    0.9459533691    0.1910095215
   0.1582336426    0.0084533691    0.5035095215
   0.6582336426    0.5084533691    0.0035095215
   0.9082336426    0.2584533691    0.2535095215
   0.4082336426    0.7584533691    0.7535095215
   0.2832336426    0.3834533691    0.1285095215
   0.7832336426    0.8834533691    0.6285095215
   0.5332336426    0.1334533691    0.8785095215
   0.0332336426    0.6334533691    0.3785095215
   0.0488586426    0.4303283691    0.5816345215
   0.5488586426    0.9303283691    0.0816345215
   0.7988586426    0.1803283691    0.3316345215
   0.2988586426    0.6803283691    0.8316345215
   0.4238586426    0.0553283691    0.2066345215
   0.9238586426    0.5553283691    0.7066345215
   0.6738586426    0.3053283691    0.9566345215
   0.1738586426    0.8053283691    0.4566345215
   0.2363586426    0.2428283691    0.7691345215
   0.7363586426    0.7428283691    0.2691345215
   0.9863586426    0.4928283691    0.0191345215
   0.4863586426    0.9928283691    0.5191345215
   0.3613586426    0.3678283691    0.3941345215
   0.8613586426    0.8678283691    0.8941345215
   0.6113586426    0.1178283691    0.6441345215
   0.1113586426    0.6178283691    0.1441345215
   0.0801086426    0.0865783691    0.3003845215
   0.5801086426    0.5865783691    0.8003845215
   0.8301086426    0.3365783691    0.5503845215
   0.3301086426    0.8365783691    0.0503845215
   0.4551086426    0.4615783691    0.9253845215
   0.9551086426    0.9615783691    0.4253845215
   0.7051086426    0.2115783691    0.1753845215
   0.2051086426    0.7115783691    0.6753845215
   0.1426086426    0.2740783691    0.1128845215
   0.6426086426    0.7740783691    0.6128845215
   0.8926086426    0.0240783691    0.8628845215
   0.3926086426    0.5240783691    0.3628845215
   0.2676086426    0.1490783691    0.7378845215
   0.7676086426    0.6490783691    0.2378845215
   0.5176086426    0.3990783691    0.4878845215
   0.0176086426    0.8990783691    0.9878845215
   0.0254211426    0.2975158691    0.4800720215
   0.5254211426    0.7975158691    0.9800720215
   0.7754211426    0.0475158691    0.7300720215
   0.2754211426    0.5475158691    0.2300720215
   0.4004211426    0.1725158691    0.8550720215
   0.9004211426    0.6725158691    0.3550720215
   0.6504211426    0.4225158691    0.1050720215
   0.1504211426    0.9225158691    0.6050720215
   0.2129211426    0.1100158691    0.1675720215
   0.7129211426    0.6100158691    0.6675720215
   0.9629211426    0.3600158691    0.9175720215
   0.4629211426    0.8600158691    0.4175720215
   0.3379211426    0.4850158691    0.5425720215
   0.8379211426    0.9850158691    0.0425720215
   0.5879211426    0.2350158691    0.2925720215
   0.0879211426    0.7350158691    0.7925720215
   0.1191711426    0.2037658691    0.6363220215
   0.6191711426    0.7037658691    0.1363220215
   0.8691711426    0.4537658691    0.3863220215
   0.3691711426    0.9537658691    0.8863220215
   0.4941711426    0.3287658691    0.0113220215
   0.9941711426    0.8287658691    0.5113220215
   0.7441711426    0.0787658691    0.7613220215
   0.2441711426    0.5787658691    0.2613220215
   0.1816711426    0.3912658691    0.9488220215
   0.6816711426    0.8912658691    0.4488220215
   0.9316711426    0.1412658691    0.1988220215
   0.4316711426    0.6412658691    0.6988220215
   0.3066711426    0.0162658691    0.3238220215
   0.8066711426    0.5162658691    0.8238220215
   0.5566711426    0.2662658691    0.5738220215
   0.0566711426    0.7662658691    0.0738220215
   0.0410461426    0.0318908691    0.9019470215
   0.5410461426    0.5318908691    0.4019470215
   0.7910461426    0.2818908691    0.1519470215
   0.2910461426    0.7818908691    0.6519470215
   0.4160461426    0.4068908691    0.2769470215
   0.9160461426    0.9068908691    0.7769470215
   0.6660461426    0.1568908691    0.5269470215
   0.1660461426    0.6568908691    0.0269470215
   0.2285461426    0.3443908691    0.7144470215
   0.7285461426    0.8443908691    0.2144470215
   0.9785461426    0.0943908691    0.4644470215
   0.4785461426    0.5943908691    0.9644470215
   0.3535461426    0.2193908691    0.0894470215
   0.8535461426    0.7193908691    0.5894470215
   0.6035461426    0.4693908691    0.8394470215
   0.1035461426    0.9693908691    0.3394470215
   0.0722961426    0.4381408691    0.2456970215
   0.5722961426    0.9381408691    0.7456970215
   0.8222961426    0.1881408691    0.9956970215
   0.3222961426    0.6881408691    0.4956970215
   0.4472961426    0.0631408691    0.6206970215
   0.9472961426    0.5631408691    0.1206970215
   0.6972961426    0.3131408691    0.3706970215
   0.1972961426    0.8131408691    0.8706970215
   0.1347961426    0.1256408691    0.4331970215
   0.6347961426    0.6256408691    0.9331970215
   0.8847961426    0.3756408691    0.6831970215
   0.3847961426    0.8756408691    0.1831970215
   0.2597961426    0.2506408691    0.8081970215
   0.7597961426    0.7506408691    0.3081970215
   0.5097961426    0.0006408691    0.0581970215
   0.0097961426    0.5006408691    0.5581970215
   0.0137023926    0.4967346191    0.7574157715
   0.5137023926    0.9967346191    0.2574157715
   0.7637023926    0.2467346191    0.0074157715
   0.2637023926    0.7467346191    0.5074157715
   0.3887023926    0.1217346191    0.3824157715
   0.8887023926    0.6217346191    0.8824157715
   0.6387023926    0.3717346191    0.6324157715
   0.1387023926    0.8717346191    0.1324157715
   0.2012023926    0.1842346191    0.5699157715
   0.7012023926    0.6842346191    0.0699157715
   0.9512023926    0.4342346191    0.3199157715
   0.4512023926    0.9342346191    0.8199157715
   0.3262023926    0.3092346191    0.1949157715
   0.8262023926    0.8092346191    0.6949157715
   0.5762023926    0.0592346191    0.9449157715
   0.0762023926    0.5592346191    0.4449157715
   0.1074523926    0.0279846191    0.1011657715
   0.6074523926    0.5279846191    0.6011657715
   0.8574523926    0.2779846191    0.8511657715
   0.3574523926    0.7779846191    0.3511657715
   0.4824523926    0.4029846191    0.7261657715
   0.9824523926    0.9029846191    0.2261657715
   0.7324523926    0.1529846191    0.4761657715
   0.2324523926    0.6529846191    0.9761657715
   0.1699523926    0.3404846191    0.2886657715
   0.6699523926    0.8404846191    0.7886657715
   0.9199523926    0.0904846191    0.5386657715
   0.4199523926    0.5904846191    0.0386657715
   0.2949523926    0.2154846191    0.9136657715
   0.7949523926    0.7154846191    0.4136657715
   0.5449523926    0.4654846191    0.1636657715
   0.0449523926    0.9654846191    0.6636657715
   0.0605773926    0.2311096191    0.3667907715
   0.5605773926    0.7311096191    0.8667907715
   0.8105773926    0.4811096191    0.6167907715
   0.3105773926    0.9811096191    0.1167907715
   0.4355773926    0.3561096191    0.9917907715
   0.9355773926    0.8561096191    0.4917907715
   0.6855773926    0.1061096191    0.2417907715
   0.1855773926    0.6061096191    0.7417907715
   0.2480773926    0.4186096191    0.0542907715
   0.7480773926    0.9186096191    0.5542907715
   0.9980773926    0.1686096191    0.8042907715
   0.4980773926    0.6686096191    0.3042907715
   0.3730773926    0.0436096191    0.6792907715
   0.8730773926    0.5436096191    0.1792907715
   0.6230773926    0.2936096191    0.4292907715
   0.1230773926    0.7936096191    0.9292907715
   0.0918273926    0.2623596191    0.5230407715
   0.5918273926    0.7623596191    0.0230407715
   0.8418273926    0.0123596191    0.2730407715
   0.3418273926    0.5123596191    0.7730407715
   0.4668273926    0.1373596191    0.1480407715
   0.9668273926    0.6373596191    0.6480407715
   0.7168273926    0.3873596191    0.8980407715
   0.2168273926    0.8873596191    0.3980407715
   0.1543273926    0.0748596191    0.8355407715
   0.6543273926    0.5748596191    0.3355407715
   0.9043273926    0.3248596191    0.0855407715
   0.4043273926    0.8248596191    0.5855407715
   0.2793273926    0.4498596191    0.4605407715
   0.7793273926    0.9498596191    0.9605407715
   0.5293273926    0.1998596191    0.7105407715
   0.0293273926    0.6998596191    0.2105407715
   0.0215148926    0.0982971191    0.7027282715
   0.5215148926    0.5982971191    0.2027282715
   0.7715148926    0.3482971191    0.4527282715
   0.2715148926    0.8482971191    0.9527282715
   0.3965148926    0.4732971191    0.0777282715
   0.8965148926    0.9732971191    0.5777282715
   0.6465148926    0.2232971191    0.8277282715
   0.1465148926    0.7232971191    0.3277282715
   0.2090148926    0.2857971191    0.8902282715
   0.7090148926    0.7857971191    0.3902282715
   0.9590148926    0.0357971191    0.1402282715
   0.4590148926    0.5357971191    0.6402282715
   0.3340148926    0.1607971191    0.2652282715
   0.8340148926    0.6607971191    0.7652282715
   0.5840148926    0.4107971191    0.5152282715
   0.0840148926    0.9107971191    0.0152282715
   0.1152648926    0.3795471191    0.4214782715
   0.6152648926    0.8795471191    0.9214782715
   0.8652648926    0.1295471191    0.6714782715
   0.3652648926    0.6295471191    0.1714782715
   0.4902648926    0.0045471191    0.7964782715
   0.9902648926    0.5045471191    0.2964782715
   0.7402648926    0.2545471191    0.0464782715
   0.2402648926    0.7545471191    0.5464782715
   0.1777648926    0.1920471191    0.2339782715
   0.6777648926    0.6920471191    0.7339782715
   0.9277648926    0.4420471191    0.9839782715
   0.4277648926    0.9420471191    0.4839782715
   0.3027648926    0.3170471191    0.6089782715
   0.8027648926    0.8170471191    0.1089782715
   0.5527648926    0.0670471191    0.3589782715
   0.0527648926    0.5670471191    0.8589782715
   0.0371398926    0.3639221191    0.1871032715
   0.5371398926    0.8639221191    0.6871032715
   0.7871398926    0.1139221191    0.9371032715
   0.2871398926    0.6139221191    0.4371032715
   0.4121398926    0.2389221191    0.5621032715
   0.9121398926    0.7389221191    0.0621032715
   0.6621398926    0.4889221191    0.3121032715
   0.1621398926    0.9889221191    0.8121032715
   0.2246398926    0.0514221191    0.4996032715
   0.7246398926    0.5514221191    0.9996032715
   0.9746398926    0.3014221191    0.7496032715
   0.4746398926    0.8014221191    0.2496032715
   0.3496398926    0.4264221191    0.8746032715
   0.8496398926    0.9264221191    0.3746032715
   0.5996398926    0.1764221191    0.1246032715
   0.0996398926    0.6764221191    0.6246032715
   0.0683898926    0.1451721191    0.9683532715
   0.5683898926    0.6451721191    0.4683532715
   0.8183898926    0.3951721191    0.2183532715
   0.3183898926    0.8951721191    0.7183532715
   0.4433898926    0.2701721191    0.3433532715
   0.9433898926    0.7701721191    0.8433532715
   0.6933898926    0.0201721191    0.5933532715
   0.1933898926    0.5201721191    0.0933532715
   0.1308898926    0.4576721191    0.6558532715
   0.6308898926    0.9576721191    0.1558532715
   0.8808898926    0.2076721191    0.4058532715
   0.3808898926    0.7076721191    0.9058532715
   0.2558898926    0.0826721191    0.0308532715
   0.7558898926    0.5826721191    0.5308532715
   0.5058898926    0.3326721191    0.7808532715
   0.0058898926    0.8326721191    0.2808532715
   0.0039367676    0.3346252441    0.6851501465
   0.5039367676    0.8346252441    0.1851501465
   0.7539367676    0.0846252441    0.4351501465
   0.2539367676    0.5846252441    0.9351501465
   0.3789367676    0.2096252441    0.0601501465
   0.8789367676    0.7096252441    0.5601501465
   0.6289367676    0.4596252441    0.8101501465
   0.1289367676    0.9596252441    0.3101501465
   0.1914367676    0.0221252441    0.9976501465
   0.6914367676    0.5221252441    0.4976501465
   0.9414367676    0.2721252441    0.2476501465
   0.4414367676    0.7721252441    0.7476501465
   0.3164367676    0.3971252441    0.3726501465
   0.8164367676    0.8971252441    0.8726501465
   0.5664367676    0.1471252441    0.6226501465
   0.0664367676    0.6471252441    0.1226501465
   0.0976867676    0.1783752441    0.4664001465
   0.5976867676    0.6783752441    0.9664001465
   0.8476867676    0.4283752441    0.7164001465
   0.3476867676    0.9283752441    0.2164001465
   0.4726867676    0.3033752441    0.8414001465
   0.9726867676    0.8033752441    0.3414001465
   0.7226867676    0.0533752441    0.0914001465
   0.2226867676    0.5533752441    0.5914001465
   0.1601867676    0.4908752441    0.1539001465
   0.6601867676    0.9908752441    0.6539001465
   0.9101867676    0.2408752441    0.9039001465
   0.4101867676    0.7408752441    0.4039001465
   0.2851867676    0.1158752441    0.5289001465
   0.7851867676    0.6158752441    0.0289001465
   0.5351867676    0.3658752441    0.2789001465
   0.0351867676    0.8658752441    0.7789001465
   0.0508117676    0.0690002441    0.2007751465
   0.5508117676    0.5690002441    0.7007751465
   0.8008117676    0.3190002441    0.9507751465
   0.3008117676    0.8190002441    0.4507751465
   0.4258117676    0.4440002441    0.5757751465
   0.9258117676    0.9440002441    0.0757751465
   0.6758117676    0.1940002441    0.3257751465
   0.1758117676    0.6940002441    0.8257751465
   0.2383117676    0.2565002441    0.3882751465
   0.7383117676    0.7565002441    0.8882751465
   0.9883117676    0.0065002441    0.6382751465
   0.4883117676    0.5065002441    0.1382751465
   0.3633117676    0.1315002441    0.7632751465
   0.8633117676    0.6315002441    0.2632751465
   0.6133117676    0.3815002441    0.0132751465
   0.1133117676    0.8815002441    0.5132751465
   0.0820617676    0.4127502441    0.9195251465
   0.5820617676    0.9127502441    0.4195251465
   0.8320617676    0.1627502441    0.1695251465
   0.3320617676    0.6627502441    0.6695251465
   0.4570617676    0.0377502441    0.2945251465
   0.9570617676    0.5377502441    0.7945251465
   0.7070617676    0.2877502441    0.5445251465
   0.2070617676    0.7877502441    0.0445251465
   0.1445617676    0.2252502441    0.7320251465
   0.6445617676    0.7252502441    0.2320251465
   0.8945617676    0.4752502441    0.4820251465
   0.3945617676    0.9752502441    0.9820251465
   0.2695617676    0.3502502441    0.1070251465
   0.7695617676    0.8502502441    0.6070251465
   0.5195617676    0.1002502441    0.8570251465
   0.0195617676    0.6002502441    0.3570251465
   0.0273742676    0.2018127441    0.8648376465
   0.5273742676    0.7018127441    0.3648376465
   0.7773742676    0.4518127441    0.1148376465
   0.2773742676    0.9518127441    0.6148376465
   0.4023742676    0.3268127441    0.4898376465
   0.9023742676    0.8268127441    0.9898376465
   0.6523742676    0.0768127441    0.7398376465
   0.1523742676    0.5768127441    0.2398376465
   0.2148742676    0.3893127441    0.5523376465
   0.7148742676    0.8893127441    0.0523376465
   0.9648742676    0.1393127441    0.3023376465
   0.4648742676    0.6393127441    0.8023376465
   0.3398742676    0.0143127441    0.1773376465
   0.8398742676    0.5143127441    0.6773376465
   0.5898742676    0.2643127441    0.9273376465
   0.0898742676    0.7643127441    0.4273376465
   0.1211242676    0.2955627441    0.0210876465
   0.6211242676    0.7955627441    0.5210876465
   0.8711242676    0.0455627441    0.7710876465
   0.3711242676    0.5455627441    0.2710876465
   0.4961242676    0.1705627441    0.6460876465
   0.9961242676    0.6705627441    0.1460876465
   0.7461242676    0.4205627441    0.3960876465
   0.2461242676    0.9205627441    0.8960876465
   0.1836242676    0.1080627441    0.3335876465
   0.6836242676    0.6080627441    0.8335876465
   0.9336242676    0.3580627441    0.5835876465
   0.4336242676    0.8580627441    0.0835876465
   0.3086242676    0.4830627441    0.9585876465
   0.8086242676    0.9830627441    0.4585876465
   0.5586242676    0.2330627441    0.2085876465
   0.0586242676    0.7330627441    0.7085876465
   0.0429992676    0.4674377441    0.2554626465
   0.5429992676    0.9674377441    0.7554626465
   0.7929992676    0.2174377441    0.5054626465
   0.2929992676    0.7174377441    0.0054626465
   0.4179992676    0.0924377441    0.8804626465
   0.9179992676    0.5924377441    0.3804626465
   0.6679992676    0.3424377441    0.1304626465
   0.1679992676    0.8424377441    0.6304626465
   0.2304992676    0.1549377441    0.0679626465
   0.7304992676    0.6549377441    0.5679626465
   0.9804992676    0.4049377441    0.8179626465
   0.4804992676    0.9049377441    0.3179626465
   0.3554992676    0.2799377441    0.6929626465
   0.8554992676    0.7799377441    0.1929626465
   0.6054992676    0.0299377441    0.4429626465
   0.1054992676    0.5299377441    0.9429626465
   0.0742492676    0.0611877441    0.5992126465
   0.5742492676    0.5611877441    0.0992126465
   0.8242492676    0.3111877441    0.3492126465
   0.3242492676    0.8111877441    0.8492126465
   0.4492492676    0.4361877441    0.2242126465
   0.9492492676    0.9361877441    0.7242126465
   0.6992492676    0.1861877441    0.9742126465
   0.1992492676    0.6861877441    0.4742126465
   0.1367492676    0.3736877441    0.7867126465
   0.6367492676    0.8736877441    0.2867126465
   0.8867492676    0.1236877441    0.0367126465
   0.3867492676    0.6236877441    0.5367126465
   0.2617492676    0.2486877441    0.4117126465
   0.7617492676    0.7486877441    0.9117126465
   0.5117492676    0.4986877441    0.6617126465
   0.0117492676    0.9986877441    0.1617126465
   0.0078430176    0.0025939941    0.3999938965
   0.5078430176    0.5025939941    0.8999938965
   0.7578430176    0.2525939941    0.6499938965
   0.2578430176    0.7525939941    0.1499938965
   0.3828430176    0.3775939941    0.7749938965
   0.8828430176    0.8775939941    0.2749938965
   0.6328430176    0.1275939941    0.0249938965
   0.1328430176    0.6275939941    0.5249938965
   0.1953430176    0.3150939941    0.2124938965
   0.6953430176    0.8150939941    0.7124938965
   0.9453430176    0.0650939941    0.9624938965
   0.4453430176    0.5650939941    0.4624938965
   0.3203430176    0.1900939941    0.5874938965
   0.8203430176    0.6900939941    0.0874938965
   0.5703430176    0.4400939941    0.3374938965
   0.0703430176    0.9400939941    0.8374938965
   0.1015930176    0.4713439941    0.7437438965
   0.6015930176    0.9713439941    0.2437438965
   0.8515930176    0.2213439941    0.4937438965
   0.3515930176    0.7213439941    0.9937438965
   0.4765930176    0.0963439941    0.1187438965
   0.9765930176    0.5963439941    0.6187438965
   0.7265930176    0.3463439941    0.8687438965
   0.2265930176    0.8463439941    0.3687438965
   0.1640930176    0.1588439941    0.9312438965
   0.6640930176    0.6588439941    0.4312438965
   0.9140930176    0.4088439941    0.1812438965
   0.4140930176    0.9088439941    0.6812438965
   0.2890930176    0.2838439941    0.3062438965
   0.7890930176    0.7838439941    0.8062438965
   0.5390930176    0.0338439941    0.5562438965
   0.0390930176    0.5338439941    0.0562438965
   0.0547180176    0.2682189941    0.9781188965
   0.5547180176    0.7682189941    0.4781188965
   0.8047180176    0.0182189941    0.2281188965
   0.3047180176    0.5182189941    0.7281188965
   0.4297180176    0.1432189941    0.3531188965
   0.9297180176    0.6432189941    0.8531188965
   0.6797180176    0.3932189941    0.6031188965
   0.1797180176    0.8932189941    0.1031188965
   0.2422180176    0.0807189941    0.6656188965
   0.7422180176    0.5807189941    0.1656188965
   0.9922180176    0.3307189941    0.4156188965
   0.4922180176    0.8307189941    0.9156188965
   0.3672180176    0.4557189941    0.0406188965
   0.8672180176    0.9557189941    0.5406188965
   0.6172180176    0.2057189941    0.7906188965
   0.1172180176    0.7057189941    0.2906188965
   0.0859680176    0.2369689941    0.1343688965
   0.5859680176    0.7369689941    0.6343688965
   0.8359680176    0.4869689941    0.8843688965
   0.3359680176    0.9869689941    0.3843688965
   0.4609680176    0.3619689941    0.5093688965
   0.9609680176    0.8619689941    0.0093688965
   0.7109680176    0.1119689941    0.2593688965
   0.2109680176    0.6119689941    0.7593688965
   0.1484680176    0.4244689941    0.4468688965
   0.6484680176    0.9244689941    0.9468688965
   0.8984680176    0.1744689941    0.6968688965
   0.3984680176    0.6744689941    0.1968688965
   0.2734680176    0.0494689941    0.8218688965
   0.7734680176    0.5494689941    0.3218688965
   0.5234680176    0.2994689941    0.0718688965
   0.0234680176    0.7994689941    0.5718688965
   0.0156555176    0.4010314941    0.0796813965
   0.5156555176    0.9010314941    0.5796813965
   0.7656555176    0.1510314941    0.8296813965
   0.2656555176    0.6510314941    0.3296813965
   0.3906555176    0.0260314941    0.7046813965
   0.8906555176    0.5260314941    0.2046813965
   0.6406555176    0.2760314941    0.4546813965
   0.1406555176    0.7760314941    0.9546813965
   0.2031555176    0.2135314941    0.2671813965
   0.7031555176    0.7135314941    0.7671813965
   0.9531555176    0.4635314941    0.5171813965
   0.4531555176    0.9635314941    0.0171813965
   0.3281555176    0.3385314941    0.8921813965
   0.8281555176    0.8385314941    0.3921813965
   0.5781555176    0.0885314941    0.1421813965
   0.0781555176    0.5885314941    0.6421813965
   0.1094055176    0.1197814941    0.7984313965
   0.6094055176    0.6197814941    0.2984313965
   0.8594055176    0.3697814941    0.0484313965
   0.3594055176    0.8697814941    0.5484313965
   0.4844055176    0.4947814941    0.4234313965
   0.9844055176    0.9947814941    0.9234313965
   0.7344055176    0.2447814941    0.6734313965
   0.2344055176    0.7447814941    0.1734313965
   0.1719055176    0.3072814941    0.6109313965
   0.6719055176    0.8072814941    0.1109313965
   0.9219055176    0.0572814941    0.3609313965
   0.4219055176    0.5572814941    0.8609313965
   0.2969055176    0.1822814941    0.2359313965
   0.7969055176    0.6822814941    0.7359313965
   0.5469055176    0.4322814941    0.9859313965
   0.0469055176    0.9322814941    0.4859313965
   0.0312805176    0.1354064941    0.5328063965
   0.5312805176    0.6354064941    0.0328063965
   0.7812805176    0.3854064941    0.2828063965
   0.2812805176    0.8854064941    0.7828063965
   0.4062805176    0.2604064941    0.1578063965
   0.9062805176    0.7604064941    0.6578063965
   0.6562805176    0.0104064941    0.9078063965
   0.1562805176    0.5104064941    0.4078063965
   0.2187805176    0.4479064941    0.8453063965
   0.7187805176    0.9479064941    0.3453063965
   0.9687805176    0.1979064941    0.0953063965
   0.4687805176    0.6979064941    0.5953063965
   0.3437805176    0.0729064941    0.4703063965
   0.8437805176    0.5729064941    0.9703063965
   0.5937805176    0.3229064941    0.7203063965
   0.0937805176    0.8229064941    0.2203063965
   0.0625305176    0.3541564941    0.3140563965
   0.5625305176    0.8541564941    0.8140563965
   0.8125305176    0.1041564941    0.5640563965
   0.3125305176    0.6041564941    0.0640563965
   0.4375305176    0.2291564941    0.9390563965
   0.9375305176    0.7291564941    0.4390563965
   0.6875305176    0.4791564941    0.1890563965
   0.1875305176    0.9791564941    0.6890563965
   0.1250305176    0.0416564941    0.0015563965
   0.6250305176    0.5416564941    0.5015563965
   0.8750305176    0.2916564941    0.7515563965
   0.3750305176    0.7916564941    0.2515563965
   0.2500305176    0.4166564941    0.6265563965
   0.7500305176    0.9166564941    0.1265563965
   0.5000305176    0.1666564941    0.3765563965
   0.0000305176    0.6666564941    0.8765563965
   0.0000457764    0.3333282471    0.3148345947
   0.5000457764    0.8333282471    0.8148345947
   0.7500457764    0.0833282471    0.5648345947
   0.2500457764    0.5833282471    0.0648345947
   0.3750457764    0.2083282471    0.9398345947
   0.8750457764    0.7083282471    0.4398345947
   0.6250457764    0.4583282471    0.1898345947
   0.1250457764    0.9583282471    0.6898345947
   0.1875457764    0.0208282471    0.0023345947
   0.6875457764    0.5208282471    0.5023345947
   0.9375457764    0.2708282471    0.7523345947
   0.4375457764    0.7708282471    0.2523345947
   0.3125457764    0.3958282471    0.6273345947
   0.8125457764    0.8958282471    0.1273345947
   0.5625457764    0.1458282471    0.3773345947
   0.0625457764    0.6458282471    0.8773345947
   0.0937957764    0.1770782471    0.5335845947
   0.5937957764    0.6770782471    0.0335845947
   0.8437957764    0.4270782471    0.2835845947
   0.3437957764    0.9270782471    0.7835845947
   0.4687957764    0.3020782471    0.1585845947
   0.9687957764    0.8020782471    0.6585845947
   0.7187957764    0.0520782471    0.9085845947
   0.2187957764    0.5520782471    0.4085845947
   0.1562957764    0.4895782471    0.8460845947
   0.6562957764    0.9895782471    0.3460845947
   0.9062957764    0.2395782471    0.0960845947
   0.4062957764    0.7395782471    0.5960845947
   0.2812957764    0.1145782471    0.4710845947
   0.7812957764    0.6145782471    0.9710845947
   0.5312957764    0.3645782471    0.7210845947
   0.0312957764    0.8645782471    0.2210845947
   0.0469207764    0.0677032471    0.7992095947
   0.5469207764    0.5677032471    0.2992095947
   0.7969207764    0.3177032471    0.0492095947
   0.2969207764    0.8177032471    0.5492095947
   0.4219207764    0.4427032471    0.4242095947
   0.9219207764    0.9427032471    0.9242095947
   0.6719207764    0.1927032471    0.6742095947
   0.1719207764    0.6927032471    0.1742095947
   0.2344207764    0.2552032471    0.6117095947
   0.7344207764    0.7552032471    0.1117095947
   0.9844207764    0.0052032471    0.3617095947
   0.4844207764    0.5052032471    0.8617095947
   0.3594207764    0.1302032471    0.2367095947
   0.8594207764    0.6302032471    0.7367095947
   0.6094207764    0.3802032471    0.9867095947
   0.1094207764    0.8802032471    0.4867095947
   0.0781707764    0.4114532471    0.0804595947
   0.5781707764    0.9114532471    0.5804595947
   0.8281707764    0.1614532471    0.8304595947
   0.3281707764    0.6614532471    0.3304595947
   0.4531707764    0.0364532471    0.7054595947
   0.9531707764    0.5364532471    0.2054595947
   0.7031707764    0.2864532471    0.4554595947
   0.2031707764    0.7864532471    0.9554595947
   0.1406707764    0.2239532471    0.2679595947
   0.6406707764    0.7239532471    0.7679595947
   0.8906707764    0.4739532471    0.5179595947
   0.3906707764    0.9739532471    0.0179595947
   0.2656707764    0.3489532471    0.8929595947
   0.7656707764    0.8489532471    0.3929595947
   0.5156707764    0.0989532471    0.1429595947
   0.0156707764    0.5989532471    0.6429595947
   0.0234832764    0.2005157471    0.1351470947
   0.5234832764    0.7005157471    0.6351470947
   0.7734832764    0.4505157471    0.8851470947
   0.2734832764    0.9505157471    0.3851470947
   0.3984832764    0.3255157471    0.5101470947
   0.8984832764    0.8255157471    0.0101470947
   0.6484832764    0.0755157471    0.2601470947
   0.1484832764    0.5755157471    0.7601470947
   0.2109832764    0.3880157471    0.4476470947
   0.7109832764    0.8880157471    0.9476470947
   0.9609832764    0.1380157471    0.6976470947
   0.4609832764    0.6380157471    0.1976470947
   0.3359832764    0.0130157471    0.8226470947
   0.8359832764    0.5130157471    0.3226470947
   0.5859832764    0.2630157471    0.0726470947
   0.0859832764    0.7630157471    0.5726470947
   0.1172332764    0.2942657471    0.9788970947
   0.6172332764    0.7942657471    0.4788970947
   0.8672332764    0.0442657471    0.2288970947
   0.3672332764    0.5442657471    0.7288970947
   0.4922332764    0.1692657471    0.3538970947
   0.9922332764    0.6692657471    0.8538970947
   0.7422332764    0.4192657471    0.6038970947
   0.2422332764    0.9192657471    0.1038970947
   0.1797332764    0.1067657471    0.6663970947
   0.6797332764    0.6067657471    0.1663970947
   0.9297332764    0.3567657471    0.4163970947
   0.4297332764    0.8567657471    0.9163970947
   0.3047332764    0.4817657471    0.0413970947
   0.8047332764    0.9817657471    0.5413970947
   0.5547332764    0.2317657471    0.7913970947
   0.0547332764    0.7317657471    0.2913970947
   0.0391082764    0.4661407471    0.7445220947
   0.5391082764    0.9661407471    0.2445220947
   0.7891082764    0.2161407471    0.4945220947
   0.2891082764    0.7161407471    0.9945220947
   0.4141082764    0.0911407471    0.1195220947
   0.9141082764    0.5911407471    0.6195220947
   0.6641082764    0.3411407471    0.8695220947
   0.1641082764    0.8411407471    0.3695220947
   0.2266082764    0.1536407471    0.9320220947
   0.7266082764    0.6536407471    0.4320220947
   0.9766082764    0.4036407471    0.1820220947
   0.4766082764    0.9036407471    0.6820220947
   0.3516082764    0.2786407471    0.3070220947
   0.8516082764    0.7786407471    0.8070220947
   0.6016082764    0.0286407471    0.5570220947
   0.1016082764    0.5286407471    0.0570220947
   0.0703582764    0.0598907471    0.4007720947
   0.5703582764    0.5598907471    0.9007720947
   0.8203582764    0.3098907471    0.6507720947
   0.3203582764    0.8098907471    0.1507720947
   0.4453582764    0.4348907471    0.7757720947
   0.9453582764    0.9348907471    0.2757720947
   0.6953582764    0.1848907471    0.0257720947
   0.1953582764    0.6848907471    0.5257720947
   0.1328582764    0.3723907471    0.2132720947
   0.6328582764    0.8723907471    0.7132720947
   0.8828582764    0.1223907471    0.9632720947
   0.3828582764    0.6223907471    0.4632720947
   0.2578582764    0.2473907471    0.5882720947
   0.7578582764    0.7473907471    0.0882720947
   0.5078582764    0.4973907471    0.3382720947
   0.0078582764    0.9973907471    0.8382720947
   0.0117645264    0.0012969971    0.5999908447
   0.5117645264    0.5012969971    0.0999908447
   0.7617645264    0.2512969971    0.3499908447
   0.2617645264    0.7512969971    0.8499908447
   0.3867645264    0.3762969971    0.2249908447
   0.8867645264    0.8762969971    0.7249908447
   0.6367645264    0.1262969971    0.9749908447
   0.1367645264    0.6262969971    0.4749908447
   0.1992645264    0.3137969971    0.7874908447
   0.6992645264    0.8137969971    0.2874908447
   0.9492645264    0.0637969971    0.0374908447
   0.4492645264    0.5637969971    0.5374908447
   0.3242645264    0.1887969971    0.4124908447
   0.8242645264    0.6887969971    0.9124908447
   0.5742645264    0.4387969971    0.6624908447
   0.0742645264    0.9387969971    0.1624908447
   0.1055145264    0.4700469971    0.2562408447
   0.6055145264    0.9700469971    0.7562408447
   0.8555145264    0.2200469971    0.5062408447
   0.3555145264    0.7200469971    0.0062408447
   0.4805145264    0.0950469971    0.8812408447
   0.9805145264    0.5950469971    0.3812408447
   0.7305145264    0.3450469971    0.1312408447
   0.2305145264    0.8450469971    0.6312408447
   0.1680145264    0.1575469971    0.0687408447
   0.6680145264    0.6575469971    0.5687408447
   0.9180145264    0.4075469971    0.8187408447
   0.4180145264    0.9075469971    0.3187408447
   0.2930145264    0.2825469971    0.6937408447
   0.7930145264    0.7825469971    0.1937408447
   0.5430145264    0.0325469971    0.4437408447
   0.0430145264    0.5325469971    0.9437408447
   0.0586395264    0.2669219971    0.0218658447
   0.5586395264    0.7669219971    0.5218658447
   0.8086395264    0.0169219971    0.7718658447
   0.3086395264    0.5169219971    0.2718658447
   0.4336395264    0.1419219971    0.6468658447
   0.9336395264    0.6419219971    0.1468658447
   0.6836395264    0.3919219971    0.3968658447
   0.1836395264    0.8919219971    0.8968658447
   0.2461395264    0.0794219971    0.3343658447
   0.7461395264    0.5794219971    0.8343658447
   0.9961395264    0.3294219971    0.5843658447
   0.4961395264    0.8294219971    0.0843658447
   0.3711395264    0.4544219971    0.9593658447
   0.8711395264    0.9544219971    0.4593658447
   0.6211395264    0.2044219971    0.2093658447
   0.1211395264    0.7044219971    0.7093658447
   0.0898895264    0.2356719971    0.8656158447
   0.5898895264    0.7356719971    0.3656158447
   0.8398895264    0.4856719971    0.1156158447
   0.3398895264    0.9856719971    0.6156158447
   0.4648895264    0.3606719971    0.4906158447
   0.9648895264    0.8606719971    0.9906158447
   0.7148895264    0.1106719971    0.7406158447
   0.2148895264    0.6106719971    0.2406158447
   0.1523895264    0.4231719971    0.5531158447
   0.6523895264    0.9231719971    0.0531158447
   0.9023895264    0.1731719971    0.3031158447
   0.4023895264    0.6731719971    0.8031158447
   0.2773895264    0.0481719971    0.1781158447
   0.7773895264    0.5481719971    0.6781158447
   0.5273895264    0.2981719971    0.9281158447
   0.0273895264    0.7981719971    0.4281158447
   0.0195770264    0.3997344971    0.9203033447
   0.5195770264    0.8997344971    0.4203033447
   0.7695770264    0.1497344971    0.1703033447
   0.2695770264    0.6497344971    0.6703033447
   0.3945770264    0.0247344971    0.2953033447
   0.8945770264    0.5247344971    0.7953033447
   0.6445770264    0.2747344971    0.5453033447
   0.1445770264    0.7747344971    0.0453033447
   0.2070770264    0.2122344971    0.7328033447
   0.7070770264    0.7122344971    0.2328033447
   0.9570770264    0.4622344971    0.4828033447
   0.4570770264    0.9622344971    0.9828033447
   0.3320770264    0.3372344971    0.1078033447
   0.8320770264    0.8372344971    0.6078033447
   0.5820770264    0.0872344971    0.8578033447
   0.0820770264    0.5872344971    0.3578033447
   0.1133270264    0.1184844971    0.2015533447
   0.6133270264    0.6184844971    0.7015533447
   0.8633270264    0.3684844971    0.9515533447
   0.3633270264    0.8684844971    0.4515533447
   0.4883270264    0.4934844971    0.5765533447
   0.9883270264    0.9934844971    0.0765533447
   0.7383270264    0.2434844971    0.3265533447
   0.2383270264    0.7434844971    0.8265533447
   0.1758270264    0.3059844971    0.3890533447
   0.6758270264    0.8059844971    0.8890533447
   0.9258270264    0.0559844971    0.6390533447
   0.4258270264    0.5559844971    0.1390533447
   0.3008270264    0.1809844971    0.7640533447
   0.8008270264    0.6809844971    0.2640533447
   0.5508270264    0.4309844971    0.0140533447
   0.0508270264    0.9309844971    0.5140533447
   0.0352020264    0.1341094971    0.4671783447
   0.5352020264    0.6341094971    0.9671783447
   0.7852020264    0.3841094971    0.7171783447
   0.2852020264    0.8841094971    0.2171783447
   0.4102020264    0.2591094971    0.8421783447
   0.9102020264    0.7591094971    0.3421783447
   0.6602020264    0.0091094971    0.0921783447
   0.1602020264    0.5091094971    0.5921783447
   0.2227020264    0.4466094971    0.1546783447
   0.7227020264    0.9466094971    0.6546783447
   0.9727020264    0.1966094971    0.9046783447
   0.4727020264    0.6966094971    0.4046783447
   0.3477020264    0.0716094971    0.5296783447
   0.8477020264    0.5716094971    0.0296783447
   0.5977020264    0.3216094971    0.2796783447
   0.0977020264    0.8216094971    0.7796783447
   0.0664520264    0.3528594971    0.6859283447
   0.5664520264    0.8528594971    0.1859283447
   0.8164520264    0.1028594971    0.4359283447
   0.3164520264    0.6028594971    0.9359283447
   0.4414520264    0.2278594971    0.0609283447
   0.9414520264    0.7278594971    0.5609283447
   0.6914520264    0.4778594971    0.8109283447
   0.1914520264    0.9778594971    0.3109283447
   0.1289520264    0.0403594971    0.9984283447
   0.6289520264    0.5403594971    0.4984283447
   0.8789520264    0.2903594971    0.2484283447
   0.3789520264    0.7903594971    0.7484283447
   0.2539520264    0.4153594971    0.3734283447
   0.7539520264    0.9153594971    0.8734283447
   0.5039520264    0.1653594971    0.6234283447
   0.0039520264    0.6653594971    0.1234283447
   0.0059051514    0.1673126221    0.9652252197
   0.5059051514    0.6673126221    0.4652252197
   0.7559051514    0.4173126221    0.2152252197
   0.2559051514    0.9173126221    0.7152252197
   0.3809051514    0.2923126221    0.3402252197
   0.8809051514    0.7923126221    0.8402252197
   0.6309051514    0.0423126221    0.5902252197
   0.1309051514    0.5423126221    0.0902252197
   0.1934051514    0.4798126221    0.6527252197
   0.6934051514    0.9798126221    0.1527252197
   0.9434051514    0.2298126221    0.4027252197
   0.4434051514    0.7298126221    0.9027252197
   0.3184051514    0.1048126221    0.0277252197
   0.8184051514    0.6048126221    0.5277252197
   0.5684051514    0.3548126221    0.7777252197
   0.0684051514    0.8548126221    0.2777252197
   0.0996551514    0.3235626221    0.1839752197
   0.5996551514    0.8235626221    0.6839752197
   0.8496551514    0.0735626221    0.9339752197
   0.3496551514    0.5735626221    0.4339752197
   0.4746551514    0.1985626221    0.5589752197
   0.9746551514    0.6985626221    0.0589752197
   0.7246551514    0.4485626221    0.3089752197
   0.2246551514    0.9485626221    0.8089752197
   0.1621551514    0.0110626221    0.4964752197
   0.6621551514    0.5110626221    0.9964752197
   0.9121551514    0.2610626221    0.7464752197
   0.4121551514    0.7610626221    0.2464752197
   0.2871551514    0.3860626221    0.8714752197
   0.7871551514    0.8860626221    0.3714752197
   0.5371551514    0.1360626221    0.1214752197
   0.0371551514    0.6360626221    0.6214752197
   0.0527801514    0.4329376221    0.4183502197
   0.5527801514    0.9329376221    0.9183502197
   0.8027801514    0.1829376221    0.6683502197
   0.3027801514    0.6829376221    0.1683502197
   0.4277801514    0.0579376221    0.7933502197
   0.9277801514    0.5579376221    0.2933502197
   0.6777801514    0.3079376221    0.0433502197
   0.1777801514    0.8079376221    0.5433502197
   0.2402801514    0.2454376221    0.2308502197
   0.7402801514    0.7454376221    0.7308502197
   0.9902801514    0.4954376221    0.9808502197
   0.4902801514    0.9954376221    0.4808502197
   0.3652801514    0.3704376221    0.6058502197
   0.8652801514    0.8704376221    0.1058502197
   0.6152801514    0.1204376221    0.3558502197
   0.1152801514    0.6204376221    0.8558502197
   0.0840301514    0.0891876221    0.6996002197
   0.5840301514    0.5891876221    0.1996002197
   0.8340301514    0.3391876221    0.4496002197
   0.3340301514    0.8391876221    0.9496002197
   0.4590301514    0.4641876221    0.0746002197
   0.9590301514    0.9641876221    0.5746002197
   0.7090301514    0.2141876221    0.8246002197
   0.2090301514    0.7141876221    0.3246002197
   0.1465301514    0.2766876221    0.8871002197
   0.6465301514    0.7766876221    0.3871002197
   0.8965301514    0.0266876221    0.1371002197
   0.3965301514    0.5266876221    0.6371002197
   0.2715301514    0.1516876221    0.2621002197
   0.7715301514    0.6516876221    0.7621002197
   0.5215301514    0.4016876221    0.5121002197
   0.0215301514    0.9016876221    0.0121002197
   0.0293426514    0.3001251221    0.5199127197
   0.5293426514    0.8001251221    0.0199127197
   0.7793426514    0.0501251221    0.2699127197
   0.2793426514    0.5501251221    0.7699127197
   0.4043426514    0.1751251221    0.1449127197
   0.9043426514    0.6751251221    0.6449127197
   0.6543426514    0.4251251221    0.8949127197
   0.1543426514    0.9251251221    0.3949127197
   0.2168426514    0.1126251221    0.8324127197
   0.7168426514    0.6126251221    0.3324127197
   0.9668426514    0.3626251221    0.0824127197
   0.4668426514    0.8626251221    0.5824127197
   0.3418426514    0.4876251221    0.4574127197
   0.8418426514    0.9876251221    0.9574127197
   0.5918426514    0.2376251221    0.7074127197
   0.0918426514    0.7376251221    0.2074127197
   0.1230926514    0.2063751221    0.3636627197
   0.6230926514    0.7063751221    0.8636627197
   0.8730926514    0.4563751221    0.6136627197
   0.3730926514    0.9563751221    0.1136627197
   0.4980926514    0.3313751221    0.9886627197
   0.9980926514    0.8313751221    0.4886627197
   0.7480926514    0.0813751221    0.2386627197
   0.2480926514    0.5813751221    0.7386627197
   0.1855926514    0.3938751221    0.0511627197
   0.6855926514    0.8938751221    0.5511627197
   0.9355926514    0.1438751221    0.8011627197
   0.4355926514    0.6438751221    0.3011627197
   0.3105926514    0.0188751221    0.6761627197
   0.8105926514    0.5188751221    0.1761627197
   0.5605926514    0.2688751221    0.4261627197
   0.0605926514    0.7688751221    0.9261627197
   0.0449676514    0.0345001221    0.0980377197
   0.5449676514    0.5345001221    0.5980377197
   0.7949676514    0.2845001221    0.8480377197
   0.2949676514    0.7845001221    0.3480377197
   0.4199676514    0.4095001221    0.7230377197
   0.9199676514    0.9095001221    0.2230377197
   0.6699676514    0.1595001221    0.4730377197
   0.1699676514    0.6595001221    0.9730377197
   0.2324676514    0.3470001221    0.2855377197
   0.7324676514    0.8470001221    0.7855377197
   0.9824676514    0.0970001221    0.5355377197
   0.4824676514    0.5970001221    0.0355377197
   0.3574676514    0.2220001221    0.9105377197
   0.8574676514    0.7220001221    0.4105377197
   0.6074676514    0.4720001221    0.1605377197
   0.1074676514    0.9720001221    0.6605377197
   0.0762176514    0.4407501221    0.7542877197
   0.5762176514    0.9407501221    0.2542877197
   0.8262176514    0.1907501221    0.0042877197
   0.3262176514    0.6907501221    0.5042877197
   0.4512176514    0.0657501221    0.3792877197
   0.9512176514    0.5657501221    0.8792877197
   0.7012176514    0.3157501221    0.6292877197
   0.2012176514    0.8157501221    0.1292877197
   0.1387176514    0.1282501221    0.5667877197
   0.6387176514    0.6282501221    0.0667877197
   0.8887176514    0.3782501221    0.3167877197
   0.3887176514    0.8782501221    0.8167877197
   0.2637176514    0.2532501221    0.1917877197
   0.7637176514    0.7532501221    0.6917877197
   0.5137176514    0.0032501221    0.9417877197
   0.0137176514    0.5032501221    0.4417877197
   0.0098114014    0.4993438721    0.2425689697
   0.5098114014    0.9993438721    0.7425689697
   0.7598114014    0.2493438721    0.9925689697
   0.2598114014    0.7493438721    0.4925689697
   0.3848114014    0.1243438721    0.6175689697
   0.8848114014    0.6243438721    0.1175689697
   0.6348114014    0.3743438721    0.3675689697
   0.1348114014    0.8743438721    0.8675689697
   0.1973114014    0.1868438721    0.4300689697
   0.6973114014    0.6868438721    0.9300689697
   0.9473114014    0.4368438721    0.6800689697
   0.4473114014    0.9368438721    0.1800689697
   0.3223114014    0.3118438721    0.8050689697
   0.8223114014    0.8118438721    0.3050689697
   0.5723114014    0.0618438721    0.0550689697
   0.0723114014    0.5618438721    0.5550689697
   0.1035614014    0.0305938721    0.8988189697
   0.6035614014    0.5305938721    0.3988189697
   0.8535614014    0.2805938721    0.1488189697
   0.3535614014    0.7805938721    0.6488189697
   0.4785614014    0.4055938721    0.2738189697
   0.9785614014    0.9055938721    0.7738189697
   0.7285614014    0.1555938721    0.5238189697
   0.2285614014    0.6555938721    0.0238189697
   0.1660614014    0.3430938721    0.7113189697
   0.6660614014    0.8430938721    0.2113189697
   0.9160614014    0.0930938721    0.4613189697
   0.4160614014    0.5930938721    0.9613189697
   0.2910614014    0.2180938721    0.0863189697
   0.7910614014    0.7180938721    0.5863189697
   0.5410614014    0.4680938721    0.8363189697
   0.0410614014    0.9680938721    0.3363189697
   0.0566864014    0.2337188721    0.6331939697
   0.5566864014    0.7337188721    0.1331939697
   0.8066864014    0.4837188721    0.3831939697
   0.3066864014    0.9837188721    0.8831939697
   0.4316864014    0.3587188721    0.0081939697
   0.9316864014    0.8587188721    0.5081939697
   0.6816864014    0.1087188721    0.7581939697
   0.1816864014    0.6087188721    0.2581939697
   0.2441864014    0.4212188721    0.9456939697
   0.7441864014    0.9212188721    0.4456939697
   0.9941864014    0.1712188721    0.1956939697
   0.4941864014    0.6712188721    0.6956939697
   0.3691864014    0.0462188721    0.3206939697
   0.8691864014    0.5462188721    0.8206939697
   0.6191864014    0.2962188721    0.5706939697
   0.1191864014    0.7962188721    0.0706939697
   0.0879364014    0.2649688721    0.4769439697
   0.5879364014    0.7649688721    0.9769439697
   0.8379364014    0.0149688721    0.7269439697
   0.3379364014    0.5149688721    0.2269439697
   0.4629364014    0.1399688721    0.8519439697
   0.9629364014    0.6399688721    0.3519439697
   0.7129364014    0.3899688721    0.1019439697
   0.2129364014    0.8899688721    0.6019439697
   0.1504364014    0.0774688721    0.1644439697
   0.6504364014    0.5774688721    0.6644439697
   0.9004364014    0.3274688721    0.9144439697
   0.4004364014    0.8274688721    0.4144439697
   0.2754364014    0.4524688721    0.5394439697
   0.7754364014    0.9524688721    0.0394439697
   0.5254364014    0.2024688721    0.2894439697
   0.0254364014    0.7024688721    0.7894439697
   0.0176239014    0.1009063721    0.2972564697
   0.5176239014    0.6009063721    0.7972564697
   0.7676239014    0.3509063721    0.5472564697
   0.2676239014    0.8509063721    0.0472564697
   0.3926239014    0.4759063721    0.9222564697
   0.8926239014    0.9759063721    0.4222564697
   0.6426239014    0.2259063721    0.1722564697
   0.1426239014    0.7259063721    0.6722564697
   0.2051239014    0.2884063721    0.1097564697
   0.7051239014    0.7884063721    0.6097564697
   0.9551239014    0.0384063721    0.8597564697
   0.4551239014    0.5384063721    0.3597564697
   0.3301239014    0.1634063721    0.7347564697
   0.8301239014    0.6634063721    0.2347564697
   0.5801239014    0.4134063721    0.4847564697
   0.0801239014    0.9134063721    0.9847564697
   0.1113739014    0.3821563721    0.5785064697
   0.6113739014    0.8821563721    0.0785064697
   0.8613739014    0.1321563721    0.3285064697
   0.3613739014    0.6321563721    0.8285064697
   0.4863739014    0.0071563721    0.2035064697
   0.9863739014    0.5071563721    0.7035064697
   0.7363739014    0.2571563721    0.9535064697
   0.2363739014    0.7571563721    0.4535064697
   0.1738739014    0.1946563721    0.7660064697
   0.6738739014    0.6946563721    0.2660064697
   0.9238739014    0.4446563721    0.0160064697
   0.4238739014    0.9446563721    0.5160064697
   0.2988739014    0.3196563721    0.3910064697
   0.7988739014    0.8196563721    0.8910064697
   0.5488739014    0.0696563721    0.6410064697
   0.0488739014    0.5696563721    0.1410064697
   0.0332489014    0.3665313721    0.8128814697
   0.5332489014    0.8665313721    0.3128814697
   0.7832489014    0.1165313721    0.0628814697
   0.2832489014    0.6165313721    0.5628814697
   0.4082489014    0.2415313721    0.4378814697
   0.9082489014    0.7415313721    0.9378814697
   0.6582489014    0.4915313721    0.6878814697
   0.1582489014    0.9915313721    0.1878814697
   0.2207489014    0.0540313721    0.5003814697
   0.7207489014    0.5540313721    0.0003814697
   0.9707489014    0.3040313721    0.2503814697
   0.4707489014    0.8040313721    0.7503814697
   0.3457489014    0.4290313721    0.1253814697
   0.8457489014    0.9290313721    0.6253814697
   0.5957489014    0.1790313721    0.8753814697
   0.0957489014    0.6790313721    0.3753814697
   0.0644989014    0.1477813721    0.0316314697
   0.5644989014    0.6477813721    0.5316314697
   0.8144989014    0.3977813721    0.7816314697
   0.3144989014    0.8977813721    0.2816314697
   0.4394989014    0.2727813721    0.6566314697
   0.9394989014    0.7727813721    0.1566314697
   0.6894989014    0.0227813721    0.4066314697
   0.1894989014    0.5227813721    0.9066314697
   0.1269989014    0.4602813721    0.3441314697
   0.6269989014    0.9602813721    0.8441314697
   0.8769989014    0.2102813721    0.5941314697
   0.3769989014    0.7102813721    0.0941314697
   0.2519989014    0.0852813721    0.9691314697
   0.7519989014    0.5852813721    0.4691314697
   0.5019989014    0.3352813721    0.2191314697
   0.0019989014    0.8352813721    0.7191314697
   0.0029754639    0.0823516846    0.0482330322
   0.5029754639    0.5823516846    0.5482330322
   0.7529754639    0.3323516846    0.7982330322
   0.2529754639    0.8323516846    0.2982330322
   0.3779754639    0.4573516846    0.6732330322
   0.8779754639    0.9573516846    0.1732330322
   0.6279754639    0.2073516846    0.4232330322
   0.1279754639    0.7073516846    0.9232330322
   0.1904754639    0.2698516846    0.3607330322
   0.6904754639    0.7698516846    0.8607330322
   0.9404754639    0.0198516846    0.6107330322
   0.4404754639    0.5198516846    0.1107330322
   0.3154754639    0.1448516846    0.9857330322
   0.8154754639    0.6448516846    0.4857330322
   0.5654754639    0.3948516846    0.2357330322
   0.0654754639    0.8948516846    0.7357330322
   0.0967254639    0.4261016846    0.8294830322
   0.5967254639    0.9261016846    0.3294830322
   0.8467254639    0.1761016846    0.0794830322
   0.3467254639    0.6761016846    0.5794830322
   0.4717254639    0.0511016846    0.4544830322
   0.9717254639    0.5511016846    0.9544830322
   0.7217254639    0.3011016846    0.7044830322
   0.2217254639    0.8011016846    0.2044830322
   0.1592254639    0.2386016846    0.5169830322
   0.6592254639    0.7386016846    0.0169830322
   0.9092254639    0.4886016846    0.2669830322
   0.4092254639    0.9886016846    0.7669830322
   0.2842254639    0.3636016846    0.1419830322
   0.7842254639    0.8636016846    0.6419830322
   0.5342254639    0.1136016846    0.8919830322
   0.0342254639    0.6136016846    0.3919830322
   0.0498504639    0.3167266846    0.5638580322
   0.5498504639    0.8167266846    0.0638580322
   0.7998504639    0.0667266846    0.3138580322
   0.2998504639    0.5667266846    0.8138580322
   0.4248504639    0.1917266846    0.1888580322
   0.9248504639    0.6917266846    0.6888580322
   0.6748504639    0.4417266846    0.9388580322
   0.1748504639    0.9417266846    0.4388580322
   0.2373504639    0.0042266846    0.7513580322
   0.7373504639    0.5042266846    0.2513580322
   0.9873504639    0.2542266846    0.0013580322
   0.4873504639    0.7542266846    0.5013580322
   0.3623504639    0.3792266846    0.3763580322
   0.8623504639    0.8792266846    0.8763580322
   0.6123504639    0.1292266846    0.6263580322
   0.1123504639    0.6292266846    0.1263580322
   0.0811004639    0.1604766846    0.2826080322
   0.5811004639    0.6604766846    0.7826080322
   0.8311004639    0.4104766846    0.5326080322
   0.3311004639    0.9104766846    0.0326080322
   0.4561004639    0.2854766846    0.9076080322
   0.9561004639    0.7854766846    0.4076080322
   0.7061004639    0.0354766846    0.1576080322
   0.2061004639    0.5354766846    0.6576080322
   0.1436004639    0.4729766846    0.0951080322
   0.6436004639    0.9729766846    0.5951080322
   0.8936004639    0.2229766846    0.8451080322
   0.3936004639    0.7229766846    0.3451080322
   0.2686004639    0.0979766846    0.7201080322
   0.7686004639    0.5979766846    0.2201080322
   0.5186004639    0.3479766846    0.4701080322
   0.0186004639    0.8479766846    0.9701080322
   0.0264129639    0.4495391846    0.4935455322
   0.5264129639    0.9495391846    0.9935455322
   0.7764129639    0.1995391846    0.7435455322
   0.2764129639    0.6995391846    0.2435455322
   0.4014129639    0.0745391846    0.8685455322
   0.9014129639    0.5745391846    0.3685455322
   0.6514129639    0.3245391846    0.1185455322
   0.1514129639    0.8245391846    0.6185455322
   0.2139129639    0.1370391846    0.1810455322
   0.7139129639    0.6370391846    0.6810455322
   0.9639129639    0.3870391846    0.9310455322
   0.4639129639    0.8870391846    0.4310455322
   0.3389129639    0.2620391846    0.5560455322
   0.8389129639    0.7620391846    0.0560455322
   0.5889129639    0.0120391846    0.3060455322
   0.0889129639    0.5120391846    0.8060455322
   0.1201629639    0.0432891846    0.6497955322
   0.6201629639    0.5432891846    0.1497955322
   0.8701629639    0.2932891846    0.3997955322
   0.3701629639    0.7932891846    0.8997955322
   0.4951629639    0.4182891846    0.0247955322
   0.9951629639    0.9182891846    0.5247955322
   0.7451629639    0.1682891846    0.7747955322
   0.2451629639    0.6682891846    0.2747955322
   0.1826629639    0.3557891846    0.9622955322
   0.6826629639    0.8557891846    0.4622955322
   0.9326629639    0.1057891846    0.2122955322
   0.4326629639    0.6057891846    0.7122955322
   0.3076629639    0.2307891846    0.3372955322
   0.8076629639    0.7307891846    0.8372955322
   0.5576629639    0.4807891846    0.5872955322
   0.0576629639    0.9807891846    0.0872955322
   0.0420379639    0.2151641846    0.8841705322
   0.5420379639    0.7151641846    0.3841705322
   0.7920379639    0.4651641846    0.1341705322
   0.2920379639    0.9651641846    0.6341705322
   0.4170379639    0.3401641846    0.2591705322
   0.9170379639    0.8401641846    0.7591705322
   0.6670379639    0.0901641846    0.5091705322
   0.1670379639    0.5901641846    0.0091705322
   0.2295379639    0.4026641846    0.6966705322
   0.7295379639    0.9026641846    0.1966705322
   0.9795379639    0.1526641846    0.4466705322
   0.4795379639    0.6526641846    0.9466705322
   0.3545379639    0.0276641846    0.0716705322
   0.8545379639    0.5276641846    0.5716705322
   0.6045379639    0.2776641846    0.8216705322
   0.1045379639    0.7776641846    0.3216705322
   0.0732879639    0.3089141846    0.2279205322
   0.5732879639    0.8089141846    0.7279205322
   0.8232879639    0.0589141846    0.9779205322
   0.3232879639    0.5589141846    0.4779205322
   0.4482879639    0.1839141846    0.6029205322
   0.9482879639    0.6839141846    0.1029205322
   0.6982879639    0.4339141846    0.3529205322
   0.1982879639    0.9339141846    0.8529205322
   0.1357879639    0.1214141846    0.4154205322
   0.6357879639    0.6214141846    0.9154205322
   0.8857879639    0.3714141846    0.6654205322
   0.3857879639    0.8714141846    0.1654205322
   0.2607879639    0.4964141846    0.7904205322
   0.7607879639    0.9964141846    0.2904205322
   0.5107879639    0.2464141846    0.0404205322
   0.0107879639    0.7464141846    0.5404205322
   0.0146942139    0.2503204346    0.7708892822
   0.5146942139    0.7503204346    0.2708892822
   0.7646942139    0.0003204346    0.0208892822
   0.2646942139    0.5003204346    0.5208892822
   0.3896942139    0.1253204346    0.3958892822
   0.8896942139    0.6253204346    0.8958892822
   0.6396942139    0.3753204346    0.6458892822
   0.1396942139    0.8753204346    0.1458892822
   0.2021942139    0.0628204346    0.5833892822
   0.7021942139    0.5628204346    0.0833892822
   0.9521942139    0.3128204346    0.3333892822
   0.4521942139    0.8128204346    0.8333892822
   0.3271942139    0.4378204346    0.2083892822
   0.8271942139    0.9378204346    0.7083892822
   0.5771942139    0.1878204346    0.9583892822
   0.0771942139    0.6878204346    0.4583892822
   0.1084442139    0.2190704346    0.1146392822
   0.6084442139    0.7190704346    0.6146392822
   0.8584442139    0.4690704346    0.8646392822
   0.3584442139    0.9690704346    0.3646392822
   0.4834442139    0.3440704346    0.7396392822
   0.9834442139    0.8440704346    0.2396392822
   0.7334442139    0.0940704346    0.4896392822
   0.2334442139    0.5940704346    0.9896392822
   0.1709442139    0.4065704346    0.3021392822
   0.6709442139    0.9065704346    0.8021392822
   0.9209442139    0.1565704346    0.5521392822
   0.4209442139    0.6565704346    0.0521392822
   0.2959442139    0.0315704346    0.9271392822
   0.7959442139    0.5315704346    0.4271392822
   0.5459442139    0.2815704346    0.1771392822
   0.0459442139    0.7815704346    0.6771392822
   0.0615692139    0.0159454346    0.3490142822
   0.5615692139    0.5159454346    0.8490142822
   0.8115692139    0.2659454346    0.5990142822
   0.3115692139    0.7659454346    0.0990142822
   0.4365692139    0.3909454346    0.9740142822
   0.9365692139    0.8909454346    0.4740142822
   0.6865692139    0.1409454346    0.2240142822
   0.1865692139    0.6409454346    0.7240142822
   0.2490692139    0.3284454346    0.0365142822
   0.7490692139    0.8284454346    0.5365142822
   0.9990692139    0.0784454346    0.7865142822
   0.4990692139    0.5784454346    0.2865142822
   0.3740692139    0.2034454346    0.6615142822
   0.8740692139    0.7034454346    0.1615142822
   0.6240692139    0.4534454346    0.4115142822
   0.1240692139    0.9534454346    0.9115142822
   0.0928192139    0.4846954346    0.5052642822
   0.5928192139    0.9846954346    0.0052642822
   0.8428192139    0.2346954346    0.2552642822
   0.3428192139    0.7346954346    0.7552642822
   0.4678192139    0.1096954346    0.1302642822
   0.9678192139    0.6096954346    0.6302642822
   0.7178192139    0.3596954346    0.8802642822
   0.2178192139    0.8596954346    0.3802642822
   0.1553192139    0.1721954346    0.8177642822
   0.6553192139    0.6721954346    0.3177642822
   0.9053192139    0.4221954346    0.0677642822
   0.4053192139    0.9221954346    0.5677642822
   0.2803192139    0.2971954346    0.4427642822
   0.7803192139    0.7971954346    0.9427642822
   0.5303192139    0.0471954346    0.6927642822
   0.0303192139    0.5471954346    0.1927642822
   0.0225067139    0.1487579346    0.7162017822
   0.5225067139    0.6487579346    0.2162017822
   0.7725067139    0.3987579346    0.4662017822
   0.2725067139    0.8987579346    0.9662017822
   0.3975067139    0.2737579346    0.0912017822
   0.8975067139    0.7737579346    0.5912017822
   0.6475067139    0.0237579346    0.8412017822
   0.1475067139    0.5237579346    0.3412017822
   0.2100067139    0.4612579346    0.9037017822
   0.7100067139    0.9612579346    0.4037017822
   0.9600067139    0.2112579346    0.1537017822
   0.4600067139    0.7112579346    0.6537017822
   0.3350067139    0.0862579346    0.2787017822
   0.8350067139    0.5862579346    0.7787017822
   0.5850067139    0.3362579346    0.5287017822
   0.0850067139    0.8362579346    0.0287017822
   0.1162567139    0.3675079346    0.4349517822
   0.6162567139    0.8675079346    0.9349517822
   0.8662567139    0.1175079346    0.6849517822
   0.3662567139    0.6175079346    0.1849517822
   0.4912567139    0.2425079346    0.8099517822
   0.9912567139    0.7425079346    0.3099517822
   0.7412567139    0.4925079346    0.0599517822
   0.2412567139    0.9925079346    0.5599517822
   0.1787567139    0.0550079346    0.2474517822
   0.6787567139    0.5550079346    0.7474517822
   0.9287567139    0.3050079346    0.9974517822
   0.4287567139    0.8050079346    0.4974517822
   0.3037567139    0.4300079346    0.6224517822
   0.8037567139    0.9300079346    0.1224517822
   0.5537567139    0.1800079346    0.3724517822
   0.0537567139    0.6800079346    0.8724517822
   0.0381317139    0.3831329346    0.1693267822
   0.5381317139    0.8831329346    0.6693267822
   0.7881317139    0.1331329346    0.9193267822
   0.2881317139    0.6331329346    0.4193267822
   0.4131317139    0.0081329346    0.5443267822
   0.9131317139    0.5081329346    0.0443267822
   0.6631317139    0.2581329346    0.2943267822
   0.1631317139    0.7581329346    0.7943267822
   0.2256317139    0.1956329346    0.4818267822
   0.7256317139    0.6956329346    0.9818267822
   0.9756317139    0.4456329346    0.7318267822
   0.4756317139    0.9456329346    0.2318267822
   0.3506317139    0.3206329346    0.8568267822
   0.8506317139    0.8206329346    0.3568267822
   0.6006317139    0.0706329346    0.1068267822
   0.1006317139    0.5706329346    0.6068267822
   0.0693817139    0.1018829346    0.9505767822
   0.5693817139    0.6018829346    0.4505767822
   0.8193817139    0.3518829346    0.2005767822
   0.3193817139    0.8518829346    0.7005767822
   0.4443817139    0.4768829346    0.3255767822
   0.9443817139    0.9768829346    0.8255767822
   0.6943817139    0.2268829346    0.5755767822
   0.1943817139    0.7268829346    0.0755767822
   0.1318817139    0.2893829346    0.6380767822
   0.6318817139    0.7893829346    0.1380767822
   0.8818817139    0.0393829346    0.3880767822
   0.3818817139    0.5393829346    0.8880767822
   0.2568817139    0.1643829346    0.0130767822
   0.7568817139    0.6643829346    0.5130767822
   0.5068817139    0.4143829346    0.7630767822
   0.0068817139    0.9143829346    0.2630767822
   0.0049285889    0.4163360596    0.6712799072
   0.5049285889    0.9163360596    0.1712799072
   0.7549285889    0.1663360596    0.4212799072
   0.2549285889    0.6663360596    0.9212799072
   0.3799285889    0.0413360596    0.0462799072
   0.8799285889    0.5413360596    0.5462799072
   0.6299285889    0.2913360596    0.7962799072
   0.1299285889    0.7913360596    0.2962799072
   0.1924285889    0.2288360596    0.9837799072
   0.6924285889    0.7288360596    0.4837799072
   0.9424285889    0.4788360596    0.2337799072
   0.4424285889    0.9788360596    0.7337799072
   0.3174285889    0.3538360596    0.3587799072
   0.8174285889    0.8538360596    0.8587799072
   0.5674285889    0.1038360596    0.6087799072
   0.0674285889    0.6038360596    0.1087799072
   0.0986785889    0.0725860596    0.4525299072
   0.5986785889    0.5725860596    0.9525299072
   0.8486785889    0.3225860596    0.7025299072
   0.3486785889    0.8225860596    0.2025299072
   0.4736785889    0.4475860596    0.8275299072
   0.9736785889    0.9475860596    0.3275299072
   0.7236785889    0.1975860596    0.0775299072
   0.2236785889    0.6975860596    0.5775299072
   0.1611785889    0.2600860596    0.1400299072
   0.6611785889    0.7600860596    0.6400299072
   0.9111785889    0.0100860596    0.8900299072
   0.4111785889    0.5100860596    0.3900299072
   0.2861785889    0.1350860596    0.5150299072
   0.7861785889    0.6350860596    0.0150299072
   0.5361785889    0.3850860596    0.2650299072
   0.0361785889    0.8850860596    0.7650299072
   0.0518035889    0.1819610596    0.2181549072
   0.5518035889    0.6819610596    0.7181549072
   0.8018035889    0.4319610596    0.9681549072
   0.3018035889    0.9319610596    0.4681549072
   0.4268035889    0.3069610596    0.5931549072
   0.9268035889    0.8069610596    0.0931549072
   0.6768035889    0.0569610596    0.3431549072
   0.1768035889    0.5569610596    0.8431549072
   0.2393035889    0.4944610596    0.4056549072
   0.7393035889    0.9944610596    0.9056549072
   0.9893035889    0.2444610596    0.6556549072
   0.4893035889    0.7444610596    0.1556549072
   0.3643035889    0.1194610596    0.7806549072
   0.8643035889    0.6194610596    0.2806549072
   0.6143035889    0.3694610596    0.0306549072
   0.1143035889    0.8694610596    0.5306549072
   0.0830535889    0.3382110596    0.9369049072
   0.5830535889    0.8382110596    0.4369049072
   0.8330535889    0.0882110596    0.1869049072
   0.3330535889    0.5882110596    0.6869049072
   0.4580535889    0.2132110596    0.3119049072
   0.9580535889    0.7132110596    0.8119049072
   0.7080535889    0.4632110596    0.5619049072
   0.2080535889    0.9632110596    0.0619049072
   0.1455535889    0.0257110596    0.7494049072
   0.6455535889    0.5257110596    0.2494049072
   0.8955535889    0.2757110596    0.4994049072
   0.3955535889    0.7757110596    0.9994049072
   0.2705535889    0.4007110596    0.1244049072
   0.7705535889    0.9007110596    0.6244049072
   0.5205535889    0.1507110596    0.8744049072
   0.0205535889    0.6507110596    0.3744049072
   0.0283660889    0.0491485596    0.8509674072
   0.5283660889    0.5491485596    0.3509674072
   0.7783660889    0.2991485596    0.1009674072
   0.2783660889    0.7991485596    0.6009674072
   0.4033660889    0.4241485596    0.4759674072
   0.9033660889    0.9241485596    0.9759674072
   0.6533660889    0.1741485596    0.7259674072
   0.1533660889    0.6741485596    0.2259674072
   0.2158660889    0.3616485596    0.5384674072
   0.7158660889    0.8616485596    0.0384674072
   0.9658660889    0.1116485596    0.2884674072
   0.4658660889    0.6116485596    0.7884674072
   0.3408660889    0.2366485596    0.1634674072
   0.8408660889    0.7366485596    0.6634674072
   0.5908660889    0.4866485596    0.9134674072
   0.0908660889    0.9866485596    0.4134674072
   0.1221160889    0.4553985596    0.0072174072
   0.6221160889    0.9553985596    0.5072174072
   0.8721160889    0.2053985596    0.7572174072
   0.3721160889    0.7053985596    0.2572174072
   0.4971160889    0.0803985596    0.6322174072
   0.9971160889    0.5803985596    0.1322174072
   0.7471160889    0.3303985596    0.3822174072
   0.2471160889    0.8303985596    0.8822174072
   0.1846160889    0.1428985596    0.3197174072
   0.6846160889    0.6428985596    0.8197174072
   0.9346160889    0.3928985596    0.5697174072
   0.4346160889    0.8928985596    0.0697174072
   0.3096160889    0.2678985596    0.9447174072
   0.8096160889    0.7678985596    0.4447174072
   0.5596160889    0.0178985596    0.1947174072
   0.0596160889    0.5178985596    0.6947174072
   0.0439910889    0.2835235596    0.2728424072
   0.5439910889    0.7835235596    0.7728424072
   0.7939910889    0.0335235596    0.5228424072
   0.2939910889    0.5335235596    0.0228424072
   0.4189910889    0.1585235596    0.8978424072
   0.9189910889    0.6585235596    0.3978424072
   0.6689910889    0.4085235596    0.1478424072
   0.1689910889    0.9085235596    0.6478424072
   0.2314910889    0.0960235596    0.0853424072
   0.7314910889    0.5960235596    0.5853424072
   0.9814910889    0.3460235596    0.8353424072
   0.4814910889    0.8460235596    0.3353424072
   0.3564910889    0.4710235596    0.7103424072
   0.8564910889    0.9710235596    0.2103424072
   0.6064910889    0.2210235596    0.4603424072
   0.1064910889    0.7210235596    0.9603424072
   0.0752410889    0.1897735596    0.6165924072
   0.5752410889    0.6897735596    0.1165924072
   0.8252410889    0.4397735596    0.3665924072
   0.3252410889    0.9397735596    0.8665924072
   0.4502410889    0.3147735596    0.2415924072
   0.9502410889    0.8147735596    0.7415924072
   0.7002410889    0.0647735596    0.9915924072
   0.2002410889    0.5647735596    0.4915924072
   0.1377410889    0.3772735596    0.8040924072
   0.6377410889    0.8772735596    0.3040924072
   0.8877410889    0.1272735596    0.0540924072
   0.3877410889    0.6272735596    0.5540924072
   0.2627410889    0.0022735596    0.4290924072
   0.7627410889    0.5022735596    0.9290924072
   0.5127410889    0.2522735596    0.6790924072
   0.0127410889    0.7522735596    0.1790924072
   0.0088348389    0.2483673096    0.3861236572
   0.5088348389    0.7483673096    0.8861236572
   0.7588348389    0.4983673096    0.6361236572
   0.2588348389    0.9983673096    0.1361236572
   0.3838348389    0.3733673096    0.7611236572
   0.8838348389    0.8733673096    0.2611236572
   0.6338348389    0.1233673096    0.0111236572
   0.1338348389    0.6233673096    0.5111236572
   0.1963348389    0.4358673096    0.1986236572
   0.6963348389    0.9358673096    0.6986236572
   0.9463348389    0.1858673096    0.9486236572
   0.4463348389    0.6858673096    0.4486236572
   0.3213348389    0.0608673096    0.5736236572
   0.8213348389    0.5608673096    0.0736236572
   0.5713348389    0.3108673096    0.3236236572
   0.0713348389    0.8108673096    0.8236236572
   0.1025848389    0.2796173096    0.7298736572
   0.6025848389    0.7796173096    0.2298736572
   0.8525848389    0.0296173096    0.4798736572
   0.3525848389    0.5296173096    0.9798736572
   0.4775848389    0.1546173096    0.1048736572
   0.9775848389    0.6546173096    0.6048736572
   0.7275848389    0.4046173096    0.8548736572
   0.2275848389    0.9046173096    0.3548736572
   0.1650848389    0.0921173096    0.9173736572
   0.6650848389    0.5921173096    0.4173736572
   0.9150848389    0.3421173096    0.1673736572
   0.4150848389    0.8421173096    0.6673736572
   0.2900848389    0.4671173096    0.2923736572
   0.7900848389    0.9671173096    0.7923736572
   0.5400848389    0.2171173096    0.5423736572
   0.0400848389    0.7171173096    0.0423736572
   0.0557098389    0.4827423096    0.9954986572
   0.5557098389    0.9827423096    0.4954986572
   0.8057098389    0.2327423096    0.2454986572
   0.3057098389    0.7327423096    0.7454986572
   0.4307098389    0.1077423096    0.3704986572
   0.9307098389    0.6077423096    0.8704986572
   0.6807098389    0.3577423096    0.6204986572
   0.1807098389    0.8577423096    0.1204986572
   0.2432098389    0.1702423096    0.6829986572
   0.7432098389    0.6702423096    0.1829986572
   0.9932098389    0.4202423096    0.4329986572
   0.4932098389    0.9202423096    0.9329986572
   0.3682098389    0.2952423096    0.0579986572
   0.8682098389    0.7952423096    0.5579986572
   0.6182098389    0.0452423096    0.8079986572
   0.1182098389    0.5452423096    0.3079986572
   0.0869598389    0.0139923096    0.1517486572
   0.5869598389    0.5139923096    0.6517486572
   0.8369598389    0.2639923096    0.9017486572
   0.3369598389    0.7639923096    0.4017486572
   0.4619598389    0.3889923096    0.5267486572
   0.9619598389    0.8889923096    0.0267486572
   0.7119598389    0.1389923096    0.2767486572
   0.2119598389    0.6389923096    0.7767486572
   0.1494598389    0.3264923096    0.4642486572
   0.6494598389    0.8264923096    0.9642486572
   0.8994598389    0.0764923096    0.7142486572
   0.3994598389    0.5764923096    0.2142486572
   0.2744598389    0.2014923096    0.8392486572
   0.7744598389    0.7014923096    0.3392486572
   0.5244598389    0.4514923096    0.0892486572
   0.0244598389    0.9514923096    0.5892486572
   0.0166473389    0.3499298096    0.0658111572
   0.5166473389    0.8499298096    0.5658111572
   0.7666473389    0.0999298096    0.8158111572
   0.2666473389    0.5999298096    0.3158111572
   0.3916473389    0.2249298096    0.6908111572
   0.8916473389    0.7249298096    0.1908111572
   0.6416473389    0.4749298096    0.4408111572
   0.1416473389    0.9749298096    0.9408111572
   0.2041473389    0.0374298096    0.2533111572
   0.7041473389    0.5374298096    0.7533111572
   0.9541473389    0.2874298096    0.5033111572
   0.4541473389    0.7874298096    0.0033111572
   0.3291473389    0.4124298096    0.8783111572
   0.8291473389    0.9124298096    0.3783111572
   0.5791473389    0.1624298096    0.1283111572
   0.0791473389    0.6624298096    0.6283111572
   0.1103973389    0.1311798096    0.7845611572
   0.6103973389    0.6311798096    0.2845611572
   0.8603973389    0.3811798096    0.0345611572
   0.3603973389    0.8811798096    0.5345611572
   0.4853973389    0.2561798096    0.4095611572
   0.9853973389    0.7561798096    0.9095611572
   0.7353973389    0.0061798096    0.6595611572
   0.2353973389    0.5061798096    0.1595611572
   0.1728973389    0.4436798096    0.5970611572
   0.6728973389    0.9436798096    0.0970611572
   0.9228973389    0.1936798096    0.3470611572
   0.4228973389    0.6936798096    0.8470611572
   0.2978973389    0.0686798096    0.2220611572
   0.7978973389    0.5686798096    0.7220611572
   0.5478973389    0.3186798096    0.9720611572
   0.0478973389    0.8186798096    0.4720611572
   0.0322723389    0.1155548096    0.5501861572
   0.5322723389    0.6155548096    0.0501861572
   0.7822723389    0.3655548096    0.3001861572
   0.2822723389    0.8655548096    0.8001861572
   0.4072723389    0.4905548096    0.1751861572
   0.9072723389    0.9905548096    0.6751861572
   0.6572723389    0.2405548096    0.9251861572
   0.1572723389    0.7405548096    0.4251861572
   0.2197723389    0.3030548096    0.8626861572
   0.7197723389    0.8030548096    0.3626861572
   0.9697723389    0.0530548096    0.1126861572
   0.4697723389    0.5530548096    0.6126861572
   0.3447723389    0.1780548096    0.4876861572
   0.8447723389    0.6780548096    0.9876861572
   0.5947723389    0.4280548096    0.7376861572
   0.0947723389    0.9280548096    0.2376861572
   0.0635223389    0.3968048096    0.3314361572
   0.5635223389    0.8968048096    0.8314361572
   0.8135223389    0.1468048096    0.5814361572
   0.3135223389    0.6468048096    0.0814361572
   0.4385223389    0.0218048096    0.9564361572
   0.9385223389    0.5218048096    0.4564361572
   0.6885223389    0.2718048096    0.2064361572
   0.1885223389    0.7718048096    0.7064361572
   0.1260223389    0.2093048096    0.0189361572
   0.6260223389    0.7093048096    0.5189361572
   0.8760223389    0.4593048096    0.7689361572
   0.3760223389    0.9593048096    0.2689361572
   0.2510223389    0.3343048096    0.6439361572
   0.7510223389    0.8343048096    0.1439361572
   0.5010223389    0.0843048096    0.3939361572
   0.0010223389    0.5843048096    0.8939361572
   0.0015106201    0.2078399658    0.5086822510
   0.5015106201    0.7078399658    0.0086822510
   0.7515106201    0.4578399658    0.2586822510
   0.2515106201    0.9578399658    0.7586822510
   0.3765106201    0.3328399658    0.1336822510
   0.8765106201    0.8328399658    0.6336822510
   0.6265106201    0.0828399658    0.8836822510
   0.1265106201    0.5828399658    0.3836822510
   0.1890106201    0.3953399658    0.8211822510
   0.6890106201    0.8953399658    0.3211822510
   0.9390106201    0.1453399658    0.0711822510
   0.4390106201    0.6453399658    0.5711822510
   0.3140106201    0.0203399658    0.4461822510
   0.8140106201    0.5203399658    0.9461822510
   0.5640106201    0.2703399658    0.6961822510
   0.0640106201    0.7703399658    0.1961822510
   0.0952606201    0.3015899658    0.3524322510
   0.5952606201    0.8015899658    0.8524322510
   0.8452606201    0.0515899658    0.6024322510
   0.3452606201    0.5515899658    0.1024322510
   0.4702606201    0.1765899658    0.9774322510
   0.9702606201    0.6765899658    0.4774322510
   0.7202606201    0.4265899658    0.2274322510
   0.2202606201    0.9265899658    0.7274322510
   0.1577606201    0.1140899658    0.0399322510
   0.6577606201    0.6140899658    0.5399322510
   0.9077606201    0.3640899658    0.7899322510
   0.4077606201    0.8640899658    0.2899322510
   0.2827606201    0.4890899658    0.6649322510
   0.7827606201    0.9890899658    0.1649322510
   0.5327606201    0.2390899658    0.4149322510
   0.0327606201    0.7390899658    0.9149322510
   0.0483856201    0.4422149658    0.1180572510
   0.5483856201    0.9422149658    0.6180572510
   0.7983856201    0.1922149658    0.8680572510
   0.2983856201    0.6922149658    0.3680572510
   0.4233856201    0.0672149658    0.7430572510
   0.9233856201    0.5672149658    0.2430572510
   0.6733856201    0.3172149658    0.4930572510
   0.1733856201    0.8172149658    0.9930572510
   0.2358856201    0.1297149658    0.3055572510
   0.7358856201    0.6297149658    0.8055572510
   0.9858856201    0.3797149658    0.5555572510
   0.4858856201    0.8797149658    0.0555572510
   0.3608856201    0.2547149658    0.9305572510
   0.8608856201    0.7547149658    0.4305572510
   0.6108856201    0.0047149658    0.1805572510
   0.1108856201    0.5047149658    0.6805572510
   0.0796356201    0.0359649658    0.7743072510
   0.5796356201    0.5359649658    0.2743072510
   0.8296356201    0.2859649658    0.0243072510
   0.3296356201    0.7859649658    0.5243072510
   0.4546356201    0.4109649658    0.3993072510
   0.9546356201    0.9109649658    0.8993072510
   0.7046356201    0.1609649658    0.6493072510
   0.2046356201    0.6609649658    0.1493072510
   0.1421356201    0.3484649658    0.5868072510
   0.6421356201    0.8484649658    0.0868072510
   0.8921356201    0.0984649658    0.3368072510
   0.3921356201    0.5984649658    0.8368072510
   0.2671356201    0.2234649658    0.2118072510
   0.7671356201    0.7234649658    0.7118072510
   0.5171356201    0.4734649658    0.9618072510
   0.0171356201    0.9734649658    0.4618072510
   0.0249481201    0.3250274658    0.9383697510
   0.5249481201    0.8250274658    0.4383697510
   0.7749481201    0.0750274658    0.1883697510
   0.2749481201    0.5750274658    0.6883697510
   0.3999481201    0.2000274658    0.3133697510
   0.8999481201    0.7000274658    0.8133697510
   0.6499481201    0.4500274658    0.5633697510
   0.1499481201    0.9500274658    0.0633697510
   0.2124481201    0.0125274658    0.6258697510
   0.7124481201    0.5125274658    0.1258697510
   0.9624481201    0.2625274658    0.3758697510
   0.4624481201    0.7625274658    0.8758697510
   0.3374481201    0.3875274658    0.0008697510
   0.8374481201    0.8875274658    0.5008697510
   0.5874481201    0.1375274658    0.7508697510
   0.0874481201    0.6375274658    0.2508697510
   0.1186981201    0.1687774658    0.1571197510
   0.6186981201    0.6687774658    0.6571197510
   0.8686981201    0.4187774658    0.9071197510
   0.3686981201    0.9187774658    0.4071197510
   0.4936981201    0.2937774658    0.5321197510
   0.9936981201    0.7937774658    0.0321197510
   0.7436981201    0.0437774658    0.2821197510
   0.2436981201    0.5437774658    0.7821197510
   0.1811981201    0.4812774658    0.4696197510
   0.6811981201    0.9812774658    0.9696197510
   0.9311981201    0.2312774658    0.7196197510
   0.4311981201    0.7312774658    0.2196197510
   0.3061981201    0.1062774658    0.8446197510
   0.8061981201    0.6062774658    0.3446197510
   0.5561981201    0.3562774658    0.0946197510
   0.0561981201    0.8562774658    0.5946197510
   0.0405731201    0.0906524658    0.4227447510
   0.5405731201    0.5906524658    0.9227447510
   0.7905731201    0.3406524658    0.6727447510
   0.2905731201    0.8406524658    0.1727447510
   0.4155731201    0.4656524658    0.7977447510
   0.9155731201    0.9656524658    0.2977447510
   0.6655731201    0.2156524658    0.0477447510
   0.1655731201    0.7156524658    0.5477447510
   0.2280731201    0.2781524658    0.2352447510
   0.7280731201    0.7781524658    0.7352447510
   0.9780731201    0.0281524658    0.9852447510
   0.4780731201    0.5281524658    0.4852447510
   0.3530731201    0.1531524658    0.6102447510
   0.8530731201    0.6531524658    0.1102447510
   0.6030731201    0.4031524658    0.3602447510
   0.1030731201    0.9031524658    0.8602447510
   0.0718231201    0.4344024658    0.7039947510
   0.5718231201    0.9344024658    0.2039947510
   0.8218231201    0.1844024658    0.4539947510
   0.3218231201    0.6844024658    0.9539947510
   0.4468231201    0.0594024658    0.0789947510
   0.9468231201    0.5594024658    0.5789947510
   0.6968231201    0.3094024658    0.8289947510
   0.1968231201    0.8094024658    0.3289947510
   0.1343231201    0.2469024658    0.8914947510
   0.6343231201    0.7469024658    0.3914947510
   0.8843231201    0.4969024658    0.1414947510
   0.3843231201    0.9969024658    0.6414947510
   0.2593231201    0.3719024658    0.2664947510
   0.7593231201    0.8719024658    0.7664947510
   0.5093231201    0.1219024658    0.5164947510
   0.0093231201    0.6219024658    0.0164947510
   0.0132293701    0.3758087158    0.2938385010
   0.5132293701    0.8758087158    0.7938385010
   0.7632293701    0.1258087158    0.5438385010
   0.2632293701    0.6258087158    0.0438385010
   0.3882293701    0.0008087158    0.9188385010
   0.8882293701    0.5008087158    0.4188385010
   0.6382293701    0.2508087158    0.1688385010
   0.1382293701    0.7508087158    0.6688385010
   0.2007293701    0.1883087158    0.1063385010
   0.7007293701    0.6883087158    0.6063385010
   0.9507293701    0.4383087158    0.8563385010
   0.4507293701    0.9383087158    0.3563385010
   0.3257293701    0.3133087158    0.7313385010
   0.8257293701    0.8133087158    0.2313385010
   0.5757293701    0.0633087158    0.4813385010
   0.0757293701    0.5633087158    0.9813385010
   0.1069793701    0.0945587158    0.5750885010
   0.6069793701    0.5945587158    0.0750885010
   0.8569793701    0.3445587158    0.3250885010
   0.3569793701    0.8445587158    0.8250885010
   0.4819793701    0.4695587158    0.2000885010
   0.9819793701    0.9695587158    0.7000885010
   0.7319793701    0.2195587158    0.9500885010
   0.2319793701    0.7195587158    0.4500885010
   0.1694793701    0.2820587158    0.7625885010
   0.6694793701    0.7820587158    0.2625885010
   0.9194793701    0.0320587158    0.0125885010
   0.4194793701    0.5320587158    0.5125885010
   0.2944793701    0.1570587158    0.3875885010
   0.7944793701    0.6570587158    0.8875885010
   0.5444793701    0.4070587158    0.6375885010
   0.0444793701    0.9070587158    0.1375885010
   0.0601043701    0.1414337158    0.8407135010
   0.5601043701    0.6414337158    0.3407135010
   0.8101043701    0.3914337158    0.0907135010
   0.3101043701    0.8914337158    0.5907135010
   0.4351043701    0.2664337158    0.4657135010
   0.9351043701    0.7664337158    0.9657135010
   0.6851043701    0.0164337158    0.7157135010
   0.1851043701    0.5164337158    0.2157135010
   0.2476043701    0.4539337158    0.5282135010
   0.7476043701    0.9539337158    0.0282135010
   0.9976043701    0.2039337158    0.2782135010
   0.4976043701    0.7039337158    0.7782135010
   0.3726043701    0.0789337158    0.1532135010
   0.8726043701    0.5789337158    0.6532135010
   0.6226043701    0.3289337158    0.9032135010
   0.1226043701    0.8289337158    0.4032135010
   0.0913543701    0.3601837158    0.0594635010
   0.5913543701    0.8601837158    0.5594635010
   0.8413543701    0.1101837158    0.8094635010
   0.3413543701    0.6101837158    0.3094635010
   0.4663543701    0.2351837158    0.6844635010
   0.9663543701    0.7351837158    0.1844635010
   0.7163543701    0.4851837158    0.4344635010
   0.2163543701    0.9851837158    0.9344635010
   0.1538543701    0.0476837158    0.3719635010
   0.6538543701    0.5476837158    0.8719635010
   0.9038543701    0.2976837158    0.6219635010
   0.4038543701    0.7976837158    0.1219635010
   0.2788543701    0.4226837158    0.9969635010
   0.7788543701    0.9226837158    0.4969635010
   0.5288543701    0.1726837158    0.2469635010
   0.0288543701    0.6726837158    0.7469635010
   0.0210418701    0.0242462158    0.2235260010
   0.5210418701    0.5242462158    0.7235260010
   0.7710418701    0.2742462158    0.9735260010
   0.2710418701    0.7742462158    0.4735260010
   0.3960418701    0.3992462158    0.5985260010
   0.8960418701    0.8992462158    0.0985260010
   0.6460418701    0.1492462158    0.3485260010
   0.1460418701    0.6492462158    0.8485260010
   0.2085418701    0.3367462158    0.4110260010
   0.7085418701    0.8367462158    0.9110260010
   0.9585418701    0.0867462158    0.6610260010
   0.4585418701    0.5867462158    0.1610260010
   0.3335418701    0.2117462158    0.7860260010
   0.8335418701    0.7117462158    0.2860260010
   0.5835418701    0.4617462158    0.0360260010
