   0.2251281738    0.6778869629    0.0977478027
   0.1626281738    0.3653869629    0.6602478027
   0.6626281738    0.8653869629    0.1602478027
   0.9126281738    0.1153869629    0.4102478027
   0.4126281738    0.6153869629    0.9102478027
   0.2876281738    0.2403869629    0.0352478027
   0.7876281738    0.7403869629    0.5352478027
   0.5376281738    0.4903869629    0.7852478027
   0.0376281738    0.9903869629    0.2852478027
   0.0532531738    0.1935119629    0.7383728027
   0.5532531738    0.6935119629    0.2383728027
   0.8032531738    0.4435119629    0.4883728027
   0.3032531738    0.9435119629    0.9883728027
   0.4282531738    0.3185119629    0.1133728027
   0.9282531738    0.8185119629    0.6133728027
   0.6782531738    0.0685119629    0.8633728027
   0.1782531738    0.5685119629    0.3633728027
   0.2407531738    0.3810119629    0.9258728027
   0.7407531738    0.8810119629    0.4258728027
   0.9907531738    0.1310119629    0.1758728027
   0.4907531738    0.6310119629    0.6758728027
   0.3657531738    0.0060119629    0.3008728027
   0.8657531738    0.5060119629    0.8008728027
   0.6157531738    0.2560119629    0.5508728027
   0.1157531738    0.7560119629    0.0508728027
   0.0845031738    0.2872619629    0.3946228027
   0.5845031738    0.7872619629    0.8946228027
   0.8345031738    0.0372619629    0.6446228027
   0.3345031738    0.5372619629    0.1446228027
   0.4595031738    0.1622619629    0.7696228027
   0.9595031738    0.6622619629    0.2696228027
   0.7095031738    0.4122619629    0.0196228027
   0.2095031738    0.9122619629    0.5196228027
   0.1470031738    0.0997619629    0.2071228027
   0.6470031738    0.5997619629    0.7071228027
   0.8970031738    0.3497619629    0.9571228027
   0.3970031738    0.8497619629    0.4571228027
   0.2720031738    0.4747619629    0.5821228027
   0.7720031738    0.9747619629    0.0821228027
   0.5220031738    0.2247619629    0.3321228027
   0.0220031738    0.7247619629    0.8321228027
   0.0298156738    0.0763244629    0.3243103027
   0.5298156738    0.5763244629    0.8243103027
   0.7798156738    0.3263244629    0.5743103027
   0.2798156738    0.8263244629    0.0743103027
   0.4048156738    0.4513244629    0.9493103027
   0.9048156738    0.9513244629    0.4493103027
   0.6548156738    0.2013244629    0.1993103027
   0.1548156738    0.7013244629    0.6993103027
   0.2173156738    0.2638244629    0.0118103027
   0.7173156738    0.7638244629    0.5118103027
   0.9673156738    0.0138244629    0.7618103027
   0.4673156738    0.5138244629    0.2618103027
   0.3423156738    0.1388244629    0.6368103027
   0.8423156738    0.6388244629    0.1368103027
   0.5923156738    0.3888244629    0.3868103027
   0.0923156738    0.8888244629    0.8868103027
   0.1235656738    0.4200744629    0.5430603027
   0.6235656738    0.9200744629    0.0430603027
   0.8735656738    0.1700744629    0.2930603027
   0.3735656738    0.6700744629    0.7930603027
   0.4985656738    0.0450744629    0.1680603027
   0.9985656738    0.5450744629    0.6680603027
   0.7485656738    0.2950744629    0.9180603027
   0.2485656738    0.7950744629    0.4180603027
   0.1860656738    0.2325744629    0.8555603027
   0.6860656738    0.7325744629    0.3555603027
   0.9360656738    0.4825744629    0.1055603027
   0.4360656738    0.9825744629    0.6055603027
   0.3110656738    0.3575744629    0.4805603027
   0.8110656738    0.8575744629    0.9805603027
   0.5610656738    0.1075744629    0.7305603027
   0.0610656738    0.6075744629    0.2305603027
   0.0454406738    0.3419494629    0.8086853027
   0.5454406738    0.8419494629    0.3086853027
   0.7954406738    0.0919494629    0.0586853027
   0.2954406738    0.5919494629    0.5586853027
   0.4204406738    0.2169494629    0.4336853027
   0.9204406738    0.7169494629    0.9336853027
   0.6704406738    0.4669494629    0.6836853027
   0.1704406738    0.9669494629    0.1836853027
   0.2329406738    0.0294494629    0.6211853027
   0.7329406738    0.5294494629    0.1211853027
   0.9829406738    0.2794494629    0.3711853027
   0.4829406738    0.7794494629    0.8711853027
   0.3579406738    0.4044494629    0.2461853027
   0.8579406738    0.9044494629    0.7461853027
   0.6079406738    0.1544494629    0.9961853027
   0.1079406738    0.6544494629    0.4961853027
   0.0766906738    0.1856994629    0.0899353027
   0.5766906738    0.6856994629    0.5899353027
   0.8266906738    0.4356994629    0.8399353027
   0.3266906738    0.9356994629    0.3399353027
   0.4516906738    0.3106994629    0.7149353027
   0.9516906738    0.8106994629    0.2149353027
   0.7016906738    0.0606994629    0.4649353027
   0.2016906738    0.5606994629    0.9649353027
   0.1391906738    0.4981994629    0.2774353027
   0.6391906738    0.9981994629    0.7774353027
   0.8891906738    0.2481994629    0.5274353027
   0.3891906738    0.7481994629    0.0274353027
   0.2641906738    0.1231994629    0.9024353027
   0.7641906738    0.6231994629    0.4024353027
   0.5141906738    0.3731994629    0.1524353027
   0.0141906738    0.8731994629    0.6524353027
   0.0102844238    0.1271057129    0.9063415527
   0.5102844238    0.6271057129    0.4063415527
   0.7602844238    0.3771057129    0.1563415527
   0.2602844238    0.8771057129    0.6563415527
   0.3852844238    0.2521057129    0.2813415527
   0.8852844238    0.7521057129    0.7813415527
   0.6352844238    0.0021057129    0.5313415527
   0.1352844238    0.5021057129    0.0313415527
   0.1977844238    0.4396057129    0.7188415527
   0.6977844238    0.9396057129    0.2188415527
   0.9477844238    0.1896057129    0.4688415527
   0.4477844238    0.6896057129    0.9688415527
   0.3227844238    0.0646057129    0.0938415527
   0.8227844238    0.5646057129    0.5938415527
   0.5727844238    0.3146057129    0.8438415527
   0.0727844238    0.8146057129    0.3438415527
   0.1040344238    0.3458557129    0.1875915527
   0.6040344238    0.8458557129    0.6875915527
   0.8540344238    0.0958557129    0.9375915527
   0.3540344238    0.5958557129    0.4375915527
   0.4790344238    0.2208557129    0.5625915527
   0.9790344238    0.7208557129    0.0625915527
   0.7290344238    0.4708557129    0.3125915527
   0.2290344238    0.9708557129    0.8125915527
   0.1665344238    0.0333557129    0.3750915527
   0.6665344238    0.5333557129    0.8750915527
   0.9165344238    0.2833557129    0.6250915527
   0.4165344238    0.7833557129    0.1250915527
   0.2915344238    0.4083557129    0.7500915527
   0.7915344238    0.9083557129    0.2500915527
   0.5415344238    0.1583557129    0.0000915527
   0.0415344238    0.6583557129    0.5000915527
   0.0571594238    0.3927307129    0.4532165527
   0.5571594238    0.8927307129    0.9532165527
   0.8071594238    0.1427307129    0.7032165527
   0.3071594238    0.6427307129    0.2032165527
   0.4321594238    0.0177307129    0.8282165527
   0.9321594238    0.5177307129    0.3282165527
   0.6821594238    0.2677307129    0.0782165527
   0.1821594238    0.7677307129    0.5782165527
   0.2446594238    0.2052307129    0.1407165527
   0.7446594238    0.7052307129    0.6407165527
   0.9946594238    0.4552307129    0.8907165527
   0.4946594238    0.9552307129    0.3907165527
   0.3696594238    0.3302307129    0.5157165527
   0.8696594238    0.8302307129    0.0157165527
   0.6196594238    0.0802307129    0.2657165527
   0.1196594238    0.5802307129    0.7657165527
   0.0884094238    0.1114807129    0.6719665527
   0.5884094238    0.6114807129    0.1719665527
   0.8384094238    0.3614807129    0.4219665527
   0.3384094238    0.8614807129    0.9219665527
   0.4634094238    0.4864807129    0.0469665527
   0.9634094238    0.9864807129    0.5469665527
   0.7134094238    0.2364807129    0.7969665527
   0.2134094238    0.7364807129    0.2969665527
   0.1509094238    0.2989807129    0.9844665527
   0.6509094238    0.7989807129    0.4844665527
   0.9009094238    0.0489807129    0.2344665527
   0.4009094238    0.5489807129    0.7344665527
   0.2759094238    0.1739807129    0.3594665527
   0.7759094238    0.6739807129    0.8594665527
   0.5259094238    0.4239807129    0.6094665527
   0.0259094238    0.9239807129    0.1094665527
   0.0180969238    0.2755432129    0.6016540527
   0.5180969238    0.7755432129    0.1016540527
   0.7680969238    0.0255432129    0.3516540527
   0.2680969238    0.5255432129    0.8516540527
   0.3930969238    0.1505432129    0.2266540527
   0.8930969238    0.6505432129    0.7266540527
   0.6430969238    0.4005432129    0.9766540527
   0.1430969238    0.9005432129    0.4766540527
   0.2055969238    0.0880432129    0.7891540527
   0.7055969238    0.5880432129    0.2891540527
   0.9555969238    0.3380432129    0.0391540527
   0.4555969238    0.8380432129    0.5391540527
   0.3305969238    0.4630432129    0.4141540527
   0.8305969238    0.9630432129    0.9141540527
   0.5805969238    0.2130432129    0.6641540527
   0.0805969238    0.7130432129    0.1641540527
   0.1118469238    0.2442932129    0.2579040527
   0.6118469238    0.7442932129    0.7579040527
   0.8618469238    0.4942932129    0.5079040527
   0.3618469238    0.9942932129    0.0079040527
   0.4868469238    0.3692932129    0.8829040527
   0.9868469238    0.8692932129    0.3829040527
   0.7368469238    0.1192932129    0.1329040527
   0.2368469238    0.6192932129    0.6329040527
   0.1743469238    0.4317932129    0.0704040527
   0.6743469238    0.9317932129    0.5704040527
   0.9243469238    0.1817932129    0.8204040527
   0.4243469238    0.6817932129    0.3204040527
   0.2993469238    0.0567932129    0.6954040527
   0.7993469238    0.5567932129    0.1954040527
   0.5493469238    0.3067932129    0.4454040527
   0.0493469238    0.8067932129    0.9454040527
   0.0337219238    0.0099182129    0.0235290527
   0.5337219238    0.5099182129    0.5235290527
   0.7837219238    0.2599182129    0.7735290527
   0.2837219238    0.7599182129    0.2735290527
   0.4087219238    0.3849182129    0.6485290527
   0.9087219238    0.8849182129    0.1485290527
   0.6587219238    0.1349182129    0.3985290527
   0.1587219238    0.6349182129    0.8985290527
   0.2212219238    0.3224182129    0.3360290527
   0.7212219238    0.8224182129    0.8360290527
   0.9712219238    0.0724182129    0.5860290527
   0.4712219238    0.5724182129    0.0860290527
   0.3462219238    0.1974182129    0.9610290527
   0.8462219238    0.6974182129    0.4610290527
   0.5962219238    0.4474182129    0.2110290527
   0.0962219238    0.9474182129    0.7110290527
   0.0649719238    0.4786682129    0.8672790527
   0.5649719238    0.9786682129    0.3672790527
   0.8149719238    0.2286682129    0.1172790527
   0.3149719238    0.7286682129    0.6172790527
   0.4399719238    0.1036682129    0.4922790527
   0.9399719238    0.6036682129    0.9922790527
   0.6899719238    0.3536682129    0.7422790527
   0.1899719238    0.8536682129    0.2422790527
   0.1274719238    0.1661682129    0.5547790527
   0.6274719238    0.6661682129    0.0547790527
   0.8774719238    0.4161682129    0.3047790527
   0.3774719238    0.9161682129    0.8047790527
   0.2524719238    0.2911682129    0.1797790527
   0.7524719238    0.7911682129    0.6797790527
   0.5024719238    0.0411682129    0.9297790527
   0.0024719238    0.5411682129    0.4297790527
   0.0034484863    0.2901916504    0.8526306152
   0.5034484863    0.7901916504    0.3526306152
   0.7534484863    0.0401916504    0.1026306152
   0.2534484863    0.5401916504    0.6026306152
   0.3784484863    0.1651916504    0.4776306152
   0.8784484863    0.6651916504    0.9776306152
   0.6284484863    0.4151916504    0.7276306152
   0.1284484863    0.9151916504    0.2276306152
   0.1909484863    0.1026916504    0.5401306152
   0.6909484863    0.6026916504    0.0401306152
   0.9409484863    0.3526916504    0.2901306152
   0.4409484863    0.8526916504    0.7901306152
   0.3159484863    0.4776916504    0.1651306152
   0.8159484863    0.9776916504    0.6651306152
   0.5659484863    0.2276916504    0.9151306152
   0.0659484863    0.7276916504    0.4151306152
   0.0971984863    0.1964416504    0.0088806152
   0.5971984863    0.6964416504    0.5088806152
   0.8471984863    0.4464416504    0.7588806152
   0.3471984863    0.9464416504    0.2588806152
   0.4721984863    0.3214416504    0.6338806152
   0.9721984863    0.8214416504    0.1338806152
   0.7221984863    0.0714416504    0.3838806152
   0.2221984863    0.5714416504    0.8838806152
   0.1596984863    0.3839416504    0.3213806152
   0.6596984863    0.8839416504    0.8213806152
   0.9096984863    0.1339416504    0.5713806152
   0.4096984863    0.6339416504    0.0713806152
   0.2846984863    0.0089416504    0.9463806152
   0.7846984863    0.5089416504    0.4463806152
   0.5346984863    0.2589416504    0.1963806152
   0.0346984863    0.7589416504    0.6963806152
   0.0503234863    0.0558166504    0.2745056152
   0.5503234863    0.5558166504    0.7745056152
   0.8003234863    0.3058166504    0.5245056152
   0.3003234863    0.8058166504    0.0245056152
   0.4253234863    0.4308166504    0.8995056152
   0.9253234863    0.9308166504    0.3995056152
   0.6753234863    0.1808166504    0.1495056152
   0.1753234863    0.6808166504    0.6495056152
   0.2378234863    0.3683166504    0.0870056152
   0.7378234863    0.8683166504    0.5870056152
   0.9878234863    0.1183166504    0.8370056152
   0.4878234863    0.6183166504    0.3370056152
   0.3628234863    0.2433166504    0.7120056152
   0.8628234863    0.7433166504    0.2120056152
   0.6128234863    0.4933166504    0.4620056152
   0.1128234863    0.9933166504    0.9620056152
   0.0815734863    0.4620666504    0.6182556152
   0.5815734863    0.9620666504    0.1182556152
   0.8315734863    0.2120666504    0.3682556152
   0.3315734863    0.7120666504    0.8682556152
   0.4565734863    0.0870666504    0.2432556152
   0.9565734863    0.5870666504    0.7432556152
   0.7065734863    0.3370666504    0.9932556152
   0.2065734863    0.8370666504    0.4932556152
   0.1440734863    0.1495666504    0.8057556152
   0.6440734863    0.6495666504    0.3057556152
   0.8940734863    0.3995666504    0.0557556152
   0.3940734863    0.8995666504    0.5557556152
   0.2690734863    0.2745666504    0.4307556152
   0.7690734863    0.7745666504    0.9307556152
   0.5190734863    0.0245666504    0.6807556152
   0.0190734863    0.5245666504    0.1807556152
   0.0268859863    0.1730041504    0.6573181152
   0.5268859863    0.6730041504    0.1573181152
   0.7768859863    0.4230041504    0.4073181152
   0.2768859863    0.9230041504    0.9073181152
   0.4018859863    0.2980041504    0.0323181152
   0.9018859863    0.7980041504    0.5323181152
   0.6518859863    0.0480041504    0.7823181152
   0.1518859863    0.5480041504    0.2823181152
   0.2143859863    0.4855041504    0.9698181152
   0.7143859863    0.9855041504    0.4698181152
   0.9643859863    0.2355041504    0.2198181152
   0.4643859863    0.7355041504    0.7198181152
   0.3393859863    0.1105041504    0.3448181152
   0.8393859863    0.6105041504    0.8448181152
   0.5893859863    0.3605041504    0.5948181152
   0.0893859863    0.8605041504    0.0948181152
   0.1206359863    0.3292541504    0.4385681152
   0.6206359863    0.8292541504    0.9385681152
   0.8706359863    0.0792541504    0.6885681152
   0.3706359863    0.5792541504    0.1885681152
   0.4956359863    0.2042541504    0.8135681152
   0.9956359863    0.7042541504    0.3135681152
   0.7456359863    0.4542541504    0.0635681152
   0.2456359863    0.9542541504    0.5635681152
   0.1831359863    0.0167541504    0.1260681152
   0.6831359863    0.5167541504    0.6260681152
   0.9331359863    0.2667541504    0.8760681152
   0.4331359863    0.7667541504    0.3760681152
   0.3081359863    0.3917541504    0.5010681152
   0.8081359863    0.8917541504    0.0010681152
   0.5581359863    0.1417541504    0.2510681152
   0.0581359863    0.6417541504    0.7510681152
   0.0425109863    0.4073791504    0.2041931152
   0.5425109863    0.9073791504    0.7041931152
   0.7925109863    0.1573791504    0.9541931152
   0.2925109863    0.6573791504    0.4541931152
   0.4175109863    0.0323791504    0.5791931152
   0.9175109863    0.5323791504    0.0791931152
   0.6675109863    0.2823791504    0.3291931152
   0.1675109863    0.7823791504    0.8291931152
   0.2300109863    0.2198791504    0.3916931152
   0.7300109863    0.7198791504    0.8916931152
   0.9800109863    0.4698791504    0.6416931152
   0.4800109863    0.9698791504    0.1416931152
   0.3550109863    0.3448791504    0.7666931152
   0.8550109863    0.8448791504    0.2666931152
   0.6050109863    0.0948791504    0.0166931152
   0.1050109863    0.5948791504    0.5166931152
   0.0737609863    0.0636291504    0.9229431152
   0.5737609863    0.5636291504    0.4229431152
   0.8237609863    0.3136291504    0.1729431152
   0.3237609863    0.8136291504    0.6729431152
   0.4487609863    0.4386291504    0.2979431152
   0.9487609863    0.9386291504    0.7979431152
   0.6987609863    0.1886291504    0.5479431152
   0.1987609863    0.6886291504    0.0479431152
   0.1362609863    0.2511291504    0.7354431152
   0.6362609863    0.7511291504    0.2354431152
   0.8862609863    0.0011291504    0.4854431152
   0.3862609863    0.5011291504    0.9854431152
   0.2612609863    0.1261291504    0.1104431152
   0.7612609863    0.6261291504    0.6104431152
   0.5112609863    0.3761291504    0.8604431152
   0.0112609863    0.8761291504    0.3604431152
   0.0151672363    0.1222229004    0.0752868652
   0.5151672363    0.6222229004    0.5752868652
   0.7651672363    0.3722229004    0.8252868652
   0.2651672363    0.8722229004    0.3252868652
   0.3901672363    0.4972229004    0.7002868652
   0.8901672363    0.9972229004    0.2002868652
   0.6401672363    0.2472229004    0.4502868652
   0.1401672363    0.7472229004    0.9502868652
   0.2026672363    0.3097229004    0.2627868652
   0.7026672363    0.8097229004    0.7627868652
   0.9526672363    0.0597229004    0.5127868652
   0.4526672363    0.5597229004    0.0127868652
   0.3276672363    0.1847229004    0.8877868652
   0.8276672363    0.6847229004    0.3877868652
   0.5776672363    0.4347229004    0.1377868652
   0.0776672363    0.9347229004    0.6377868652
   0.1089172363    0.4034729004    0.7940368652
   0.6089172363    0.9034729004    0.2940368652
   0.8589172363    0.1534729004    0.0440368652
   0.3589172363    0.6534729004    0.5440368652
   0.4839172363    0.0284729004    0.4190368652
   0.9839172363    0.5284729004    0.9190368652
   0.7339172363    0.2784729004    0.6690368652
   0.2339172363    0.7784729004    0.1690368652
   0.1714172363    0.2159729004    0.6065368652
   0.6714172363    0.7159729004    0.1065368652
   0.9214172363    0.4659729004    0.3565368652
   0.4214172363    0.9659729004    0.8565368652
   0.2964172363    0.3409729004    0.2315368652
   0.7964172363    0.8409729004    0.7315368652
   0.5464172363    0.0909729004    0.9815368652
   0.0464172363    0.5909729004    0.4815368652
   0.0620422363    0.3565979004    0.5596618652
   0.5620422363    0.8565979004    0.0596618652
   0.8120422363    0.1065979004    0.3096618652
   0.3120422363    0.6065979004    0.8096618652
   0.4370422363    0.2315979004    0.1846618652
   0.9370422363    0.7315979004    0.6846618652
   0.6870422363    0.4815979004    0.9346618652
   0.1870422363    0.9815979004    0.4346618652
   0.2495422363    0.0440979004    0.8721618652
   0.7495422363    0.5440979004    0.3721618652
   0.9995422363    0.2940979004    0.1221618652
   0.4995422363    0.7940979004    0.6221618652
   0.3745422363    0.4190979004    0.4971618652
   0.8745422363    0.9190979004    0.9971618652
   0.6245422363    0.1690979004    0.7471618652
   0.1245422363    0.6690979004    0.2471618652
   0.0932922363    0.1378479004    0.3409118652
   0.5932922363    0.6378479004    0.8409118652
   0.8432922363    0.3878479004    0.5909118652
   0.3432922363    0.8878479004    0.0909118652
   0.4682922363    0.2628479004    0.9659118652
   0.9682922363    0.7628479004    0.4659118652
   0.7182922363    0.0128479004    0.2159118652
   0.2182922363    0.5128479004    0.7159118652
   0.1557922363    0.4503479004    0.0284118652
   0.6557922363    0.9503479004    0.5284118652
   0.9057922363    0.2003479004    0.7784118652
   0.4057922363    0.7003479004    0.2784118652
   0.2807922363    0.0753479004    0.6534118652
   0.7807922363    0.5753479004    0.1534118652
   0.5307922363    0.3253479004    0.4034118652
   0.0307922363    0.8253479004    0.9034118652
   0.0229797363    0.4737854004    0.3799743652
   0.5229797363    0.9737854004    0.8799743652
   0.7729797363    0.2237854004    0.6299743652
   0.2729797363    0.7237854004    0.1299743652
   0.3979797363    0.0987854004    0.7549743652
   0.8979797363    0.5987854004    0.2549743652
   0.6479797363    0.3487854004    0.0049743652
   0.1479797363    0.8487854004    0.5049743652
   0.2104797363    0.1612854004    0.1924743652
   0.7104797363    0.6612854004    0.6924743652
   0.9604797363    0.4112854004    0.9424743652
   0.4604797363    0.9112854004    0.4424743652
   0.3354797363    0.2862854004    0.5674743652
   0.8354797363    0.7862854004    0.0674743652
   0.5854797363    0.0362854004    0.3174743652
   0.0854797363    0.5362854004    0.8174743652
   0.1167297363    0.0050354004    0.7237243652
   0.6167297363    0.5050354004    0.2237243652
   0.8667297363    0.2550354004    0.4737243652
   0.3667297363    0.7550354004    0.9737243652
   0.4917297363    0.3800354004    0.0987243652
   0.9917297363    0.8800354004    0.5987243652
   0.7417297363    0.1300354004    0.8487243652
   0.2417297363    0.6300354004    0.3487243652
   0.1792297363    0.3175354004    0.9112243652
   0.6792297363    0.8175354004    0.4112243652
   0.9292297363    0.0675354004    0.1612243652
   0.4292297363    0.5675354004    0.6612243652
   0.3042297363    0.1925354004    0.2862243652
   0.8042297363    0.6925354004    0.7862243652
   0.5542297363    0.4425354004    0.5362243652
   0.0542297363    0.9425354004    0.0362243652
   0.0386047363    0.2394104004    0.9893493652
   0.5386047363    0.7394104004    0.4893493652
   0.7886047363    0.4894104004    0.2393493652
   0.2886047363    0.9894104004    0.7393493652
   0.4136047363    0.3644104004    0.3643493652
   0.9136047363    0.8644104004    0.8643493652
   0.6636047363    0.1144104004    0.6143493652
   0.1636047363    0.6144104004    0.1143493652
   0.2261047363    0.4269104004    0.6768493652
   0.7261047363    0.9269104004    0.1768493652
   0.9761047363    0.1769104004    0.4268493652
   0.4761047363    0.6769104004    0.9268493652
   0.3511047363    0.0519104004    0.0518493652
   0.8511047363    0.5519104004    0.5518493652
   0.6011047363    0.3019104004    0.8018493652
   0.1011047363    0.8019104004    0.3018493652
   0.0698547363    0.2706604004    0.1455993652
   0.5698547363    0.7706604004    0.6455993652
   0.8198547363    0.0206604004    0.8955993652
   0.3198547363    0.5206604004    0.3955993652
   0.4448547363    0.1456604004    0.5205993652
   0.9448547363    0.6456604004    0.0205993652
   0.6948547363    0.3956604004    0.2705993652
   0.1948547363    0.8956604004    0.7705993652
   0.1323547363    0.0831604004    0.4580993652
   0.6323547363    0.5831604004    0.9580993652
   0.8823547363    0.3331604004    0.7080993652
   0.3823547363    0.8331604004    0.2080993652
   0.2573547363    0.4581604004    0.8330993652
   0.7573547363    0.9581604004    0.3330993652
   0.5073547363    0.2081604004    0.0830993652
   0.0073547363    0.7081604004    0.5830993652
   0.0054016113    0.2101135254    0.4913024902
   0.5054016113    0.7101135254    0.9913024902
   0.7554016113    0.4601135254    0.7413024902
   0.2554016113    0.9601135254    0.2413024902
   0.3804016113    0.3351135254    0.8663024902
   0.8804016113    0.8351135254    0.3663024902
   0.6304016113    0.0851135254    0.1163024902
   0.1304016113    0.5851135254    0.6163024902
   0.1929016113    0.3976135254    0.1788024902
   0.6929016113    0.8976135254    0.6788024902
   0.9429016113    0.1476135254    0.9288024902
   0.4429016113    0.6476135254    0.4288024902
   0.3179016113    0.0226135254    0.5538024902
   0.8179016113    0.5226135254    0.0538024902
   0.5679016113    0.2726135254    0.3038024902
   0.0679016113    0.7726135254    0.8038024902
   0.0991516113    0.3038635254    0.6475524902
   0.5991516113    0.8038635254    0.1475524902
   0.8491516113    0.0538635254    0.3975524902
   0.3491516113    0.5538635254    0.8975524902
   0.4741516113    0.1788635254    0.0225524902
   0.9741516113    0.6788635254    0.5225524902
   0.7241516113    0.4288635254    0.7725524902
   0.2241516113    0.9288635254    0.2725524902
   0.1616516113    0.1163635254    0.9600524902
   0.6616516113    0.6163635254    0.4600524902
   0.9116516113    0.3663635254    0.2100524902
   0.4116516113    0.8663635254    0.7100524902
   0.2866516113    0.4913635254    0.3350524902
   0.7866516113    0.9913635254    0.8350524902
   0.5366516113    0.2413635254    0.5850524902
   0.0366516113    0.7413635254    0.0850524902
   0.0522766113    0.4444885254    0.8819274902
   0.5522766113    0.9444885254    0.3819274902
   0.8022766113    0.1944885254    0.1319274902
   0.3022766113    0.6944885254    0.6319274902
   0.4272766113    0.0694885254    0.2569274902
   0.9272766113    0.5694885254    0.7569274902
   0.6772766113    0.3194885254    0.5069274902
   0.1772766113    0.8194885254    0.0069274902
   0.2397766113    0.1319885254    0.6944274902
   0.7397766113    0.6319885254    0.1944274902
   0.9897766113    0.3819885254    0.4444274902
   0.4897766113    0.8819885254    0.9444274902
   0.3647766113    0.2569885254    0.0694274902
   0.8647766113    0.7569885254    0.5694274902
   0.6147766113    0.0069885254    0.8194274902
   0.1147766113    0.5069885254    0.3194274902
   0.0835266113    0.0382385254    0.2256774902
   0.5835266113    0.5382385254    0.7256774902
   0.8335266113    0.2882385254    0.9756774902
   0.3335266113    0.7882385254    0.4756774902
   0.4585266113    0.4132385254    0.6006774902
   0.9585266113    0.9132385254    0.1006774902
   0.7085266113    0.1632385254    0.3506774902
   0.2085266113    0.6632385254    0.8506774902
   0.1460266113    0.3507385254    0.4131774902
   0.6460266113    0.8507385254    0.9131774902
   0.8960266113    0.1007385254    0.6631774902
   0.3960266113    0.6007385254    0.1631774902
   0.2710266113    0.2257385254    0.7881774902
   0.7710266113    0.7257385254    0.2881774902
   0.5210266113    0.4757385254    0.0381774902
   0.0210266113    0.9757385254    0.5381774902
   0.0288391113    0.3273010254    0.0616149902
   0.5288391113    0.8273010254    0.5616149902
   0.7788391113    0.0773010254    0.8116149902
   0.2788391113    0.5773010254    0.3116149902
   0.4038391113    0.2023010254    0.6866149902
   0.9038391113    0.7023010254    0.1866149902
   0.6538391113    0.4523010254    0.4366149902
   0.1538391113    0.9523010254    0.9366149902
   0.2163391113    0.0148010254    0.3741149902
   0.7163391113    0.5148010254    0.8741149902
   0.9663391113    0.2648010254    0.6241149902
   0.4663391113    0.7648010254    0.1241149902
   0.3413391113    0.3898010254    0.9991149902
   0.8413391113    0.8898010254    0.4991149902
   0.5913391113    0.1398010254    0.2491149902
   0.0913391113    0.6398010254    0.7491149902
   0.1225891113    0.1710510254    0.8428649902
   0.6225891113    0.6710510254    0.3428649902
   0.8725891113    0.4210510254    0.0928649902
   0.3725891113    0.9210510254    0.5928649902
   0.4975891113    0.2960510254    0.4678649902
   0.9975891113    0.7960510254    0.9678649902
   0.7475891113    0.0460510254    0.7178649902
   0.2475891113    0.5460510254    0.2178649902
   0.1850891113    0.4835510254    0.5303649902
   0.6850891113    0.9835510254    0.0303649902
   0.9350891113    0.2335510254    0.2803649902
   0.4350891113    0.7335510254    0.7803649902
   0.3100891113    0.1085510254    0.1553649902
   0.8100891113    0.6085510254    0.6553649902
   0.5600891113    0.3585510254    0.9053649902
   0.0600891113    0.8585510254    0.4053649902
   0.0444641113    0.0929260254    0.5772399902
   0.5444641113    0.5929260254    0.0772399902
   0.7944641113    0.3429260254    0.3272399902
   0.2944641113    0.8429260254    0.8272399902
   0.4194641113    0.4679260254    0.2022399902
   0.9194641113    0.9679260254    0.7022399902
   0.6694641113    0.2179260254    0.9522399902
   0.1694641113    0.7179260254    0.4522399902
   0.2319641113    0.2804260254    0.7647399902
   0.7319641113    0.7804260254    0.2647399902
   0.9819641113    0.0304260254    0.0147399902
   0.4819641113    0.5304260254    0.5147399902
   0.3569641113    0.1554260254    0.3897399902
   0.8569641113    0.6554260254    0.8897399902
   0.6069641113    0.4054260254    0.6397399902
   0.1069641113    0.9054260254    0.1397399902
   0.0757141113    0.4366760254    0.2959899902
   0.5757141113    0.9366760254    0.7959899902
   0.8257141113    0.1866760254    0.5459899902
   0.3257141113    0.6866760254    0.0459899902
   0.4507141113    0.0616760254    0.9209899902
   0.9507141113    0.5616760254    0.4209899902
   0.7007141113    0.3116760254    0.1709899902
   0.2007141113    0.8116760254    0.6709899902
   0.1382141113    0.2491760254    0.1084899902
   0.6382141113    0.7491760254    0.6084899902
   0.8882141113    0.4991760254    0.8584899902
   0.3882141113    0.9991760254    0.3584899902
   0.2632141113    0.3741760254    0.7334899902
   0.7632141113    0.8741760254    0.2334899902
   0.5132141113    0.1241760254    0.4834899902
   0.0132141113    0.6241760254    0.9834899902
   0.0093078613    0.3780822754    0.7061462402
   0.5093078613    0.8780822754    0.2061462402
   0.7593078613    0.1280822754    0.4561462402
   0.2593078613    0.6280822754    0.9561462402
   0.3843078613    0.0030822754    0.0811462402
   0.8843078613    0.5030822754    0.5811462402
   0.6343078613    0.2530822754    0.8311462402
   0.1343078613    0.7530822754    0.3311462402
   0.1968078613    0.1905822754    0.8936462402
   0.6968078613    0.6905822754    0.3936462402
   0.9468078613    0.4405822754    0.1436462402
   0.4468078613    0.9405822754    0.6436462402
   0.3218078613    0.3155822754    0.2686462402
   0.8218078613    0.8155822754    0.7686462402
   0.5718078613    0.0655822754    0.5186462402
   0.0718078613    0.5655822754    0.0186462402
   0.1030578613    0.0968322754    0.4248962402
   0.6030578613    0.5968322754    0.9248962402
   0.8530578613    0.3468322754    0.6748962402
   0.3530578613    0.8468322754    0.1748962402
   0.4780578613    0.4718322754    0.7998962402
   0.9780578613    0.9718322754    0.2998962402
   0.7280578613    0.2218322754    0.0498962402
   0.2280578613    0.7218322754    0.5498962402
   0.1655578613    0.2843322754    0.2373962402
   0.6655578613    0.7843322754    0.7373962402
   0.9155578613    0.0343322754    0.9873962402
   0.4155578613    0.5343322754    0.4873962402
   0.2905578613    0.1593322754    0.6123962402
   0.7905578613    0.6593322754    0.1123962402
   0.5405578613    0.4093322754    0.3623962402
   0.0405578613    0.9093322754    0.8623962402
   0.0561828613    0.1437072754    0.1592712402
   0.5561828613    0.6437072754    0.6592712402
   0.8061828613    0.3937072754    0.9092712402
   0.3061828613    0.8937072754    0.4092712402
   0.4311828613    0.2687072754    0.5342712402
   0.9311828613    0.7687072754    0.0342712402
   0.6811828613    0.0187072754    0.2842712402
   0.1811828613    0.5187072754    0.7842712402
   0.2436828613    0.4562072754    0.4717712402
   0.7436828613    0.9562072754    0.9717712402
   0.9936828613    0.2062072754    0.7217712402
   0.4936828613    0.7062072754    0.2217712402
   0.3686828613    0.0812072754    0.8467712402
   0.8686828613    0.5812072754    0.3467712402
   0.6186828613    0.3312072754    0.0967712402
   0.1186828613    0.8312072754    0.5967712402
   0.0874328613    0.3624572754    0.9405212402
   0.5874328613    0.8624572754    0.4405212402
   0.8374328613    0.1124572754    0.1905212402
   0.3374328613    0.6124572754    0.6905212402
   0.4624328613    0.2374572754    0.3155212402
   0.9624328613    0.7374572754    0.8155212402
   0.7124328613    0.4874572754    0.5655212402
   0.2124328613    0.9874572754    0.0655212402
   0.1499328613    0.0499572754    0.6280212402
   0.6499328613    0.5499572754    0.1280212402
   0.8999328613    0.2999572754    0.3780212402
   0.3999328613    0.7999572754    0.8780212402
   0.2749328613    0.4249572754    0.0030212402
   0.7749328613    0.9249572754    0.5030212402
   0.5249328613    0.1749572754    0.7530212402
   0.0249328613    0.6749572754    0.2530212402
   0.0171203613    0.0265197754    0.7764587402
   0.5171203613    0.5265197754    0.2764587402
   0.7671203613    0.2765197754    0.0264587402
   0.2671203613    0.7765197754    0.5264587402
   0.3921203613    0.4015197754    0.4014587402
   0.8921203613    0.9015197754    0.9014587402
   0.6421203613    0.1515197754    0.6514587402
   0.1421203613    0.6515197754    0.1514587402
   0.2046203613    0.3390197754    0.5889587402
   0.7046203613    0.8390197754    0.0889587402
   0.9546203613    0.0890197754    0.3389587402
   0.4546203613    0.5890197754    0.8389587402
   0.3296203613    0.2140197754    0.2139587402
   0.8296203613    0.7140197754    0.7139587402
   0.5796203613    0.4640197754    0.9639587402
   0.0796203613    0.9640197754    0.4639587402
   0.1108703613    0.4952697754    0.1202087402
   0.6108703613    0.9952697754    0.6202087402
   0.8608703613    0.2452697754    0.8702087402
   0.3608703613    0.7452697754    0.3702087402
   0.4858703613    0.1202697754    0.7452087402
   0.9858703613    0.6202697754    0.2452087402
   0.7358703613    0.3702697754    0.4952087402
   0.2358703613    0.8702697754    0.9952087402
   0.1733703613    0.1827697754    0.3077087402
   0.6733703613    0.6827697754    0.8077087402
   0.9233703613    0.4327697754    0.5577087402
   0.4233703613    0.9327697754    0.0577087402
   0.2983703613    0.3077697754    0.9327087402
   0.7983703613    0.8077697754    0.4327087402
   0.5483703613    0.0577697754    0.1827087402
   0.0483703613    0.5577697754    0.6827087402
   0.0327453613    0.2608947754    0.3545837402
   0.5327453613    0.7608947754    0.8545837402
   0.7827453613    0.0108947754    0.6045837402
   0.2827453613    0.5108947754    0.1045837402
   0.4077453613    0.1358947754    0.9795837402
   0.9077453613    0.6358947754    0.4795837402
   0.6577453613    0.3858947754    0.2295837402
   0.1577453613    0.8858947754    0.7295837402
   0.2202453613    0.0733947754    0.0420837402
   0.7202453613    0.5733947754    0.5420837402
   0.9702453613    0.3233947754    0.7920837402
   0.4702453613    0.8233947754    0.2920837402
   0.3452453613    0.4483947754    0.6670837402
   0.8452453613    0.9483947754    0.1670837402
   0.5952453613    0.1983947754    0.4170837402
   0.0952453613    0.6983947754    0.9170837402
   0.0639953613    0.2296447754    0.5108337402
   0.5639953613    0.7296447754    0.0108337402
   0.8139953613    0.4796447754    0.2608337402
   0.3139953613    0.9796447754    0.7608337402
   0.4389953613    0.3546447754    0.1358337402
   0.9389953613    0.8546447754    0.6358337402
   0.6889953613    0.1046447754    0.8858337402
   0.1889953613    0.6046447754    0.3858337402
   0.1264953613    0.4171447754    0.8233337402
   0.6264953613    0.9171447754    0.3233337402
   0.8764953613    0.1671447754    0.0733337402
   0.3764953613    0.6671447754    0.5733337402
   0.2514953613    0.0421447754    0.4483337402
   0.7514953613    0.5421447754    0.9483337402
   0.5014953613    0.2921447754    0.6983337402
   0.0014953613    0.7921447754    0.1983337402
   0.0010070801    0.4156799316    0.3287048340
   0.5010070801    0.9156799316    0.8287048340
   0.7510070801    0.1656799316    0.5787048340
   0.2510070801    0.6656799316    0.0787048340
   0.3760070801    0.0406799316    0.9537048340
   0.8760070801    0.5406799316    0.4537048340
   0.6260070801    0.2906799316    0.2037048340
   0.1260070801    0.7906799316    0.7037048340
   0.1885070801    0.2281799316    0.0162048340
   0.6885070801    0.7281799316    0.5162048340
   0.9385070801    0.4781799316    0.7662048340
   0.4385070801    0.9781799316    0.2662048340
   0.3135070801    0.3531799316    0.6412048340
   0.8135070801    0.8531799316    0.1412048340
   0.5635070801    0.1031799316    0.3912048340
   0.0635070801    0.6031799316    0.8912048340
   0.0947570801    0.0719299316    0.5474548340
   0.5947570801    0.5719299316    0.0474548340
   0.8447570801    0.3219299316    0.2974548340
   0.3447570801    0.8219299316    0.7974548340
   0.4697570801    0.4469299316    0.1724548340
   0.9697570801    0.9469299316    0.6724548340
   0.7197570801    0.1969299316    0.9224548340
   0.2197570801    0.6969299316    0.4224548340
   0.1572570801    0.2594299316    0.8599548340
   0.6572570801    0.7594299316    0.3599548340
   0.9072570801    0.0094299316    0.1099548340
   0.4072570801    0.5094299316    0.6099548340
   0.2822570801    0.1344299316    0.4849548340
   0.7822570801    0.6344299316    0.9849548340
   0.5322570801    0.3844299316    0.7349548340
   0.0322570801    0.8844299316    0.2349548340
   0.0478820801    0.1813049316    0.7818298340
   0.5478820801    0.6813049316    0.2818298340
   0.7978820801    0.4313049316    0.0318298340
   0.2978820801    0.9313049316    0.5318298340
   0.4228820801    0.3063049316    0.4068298340
   0.9228820801    0.8063049316    0.9068298340
   0.6728820801    0.0563049316    0.6568298340
   0.1728820801    0.5563049316    0.1568298340
   0.2353820801    0.4938049316    0.5943298340
   0.7353820801    0.9938049316    0.0943298340
   0.9853820801    0.2438049316    0.3443298340
   0.4853820801    0.7438049316    0.8443298340
   0.3603820801    0.1188049316    0.2193298340
   0.8603820801    0.6188049316    0.7193298340
   0.6103820801    0.3688049316    0.9693298340
   0.1103820801    0.8688049316    0.4693298340
   0.0791320801    0.3375549316    0.0630798340
   0.5791320801    0.8375549316    0.5630798340
   0.8291320801    0.0875549316    0.8130798340
   0.3291320801    0.5875549316    0.3130798340
   0.4541320801    0.2125549316    0.6880798340
   0.9541320801    0.7125549316    0.1880798340
   0.7041320801    0.4625549316    0.4380798340
   0.2041320801    0.9625549316    0.9380798340
   0.1416320801    0.0250549316    0.2505798340
   0.6416320801    0.5250549316    0.7505798340
   0.8916320801    0.2750549316    0.5005798340
   0.3916320801    0.7750549316    0.0005798340
   0.2666320801    0.4000549316    0.8755798340
   0.7666320801    0.9000549316    0.3755798340
   0.5166320801    0.1500549316    0.1255798340
   0.0166320801    0.6500549316    0.6255798340
   0.0244445801    0.0484924316    0.1490173340
   0.5244445801    0.5484924316    0.6490173340
   0.7744445801    0.2984924316    0.8990173340
   0.2744445801    0.7984924316    0.3990173340
   0.3994445801    0.4234924316    0.5240173340
   0.8994445801    0.9234924316    0.0240173340
   0.6494445801    0.1734924316    0.2740173340
   0.1494445801    0.6734924316    0.7740173340
   0.2119445801    0.3609924316    0.4615173340
   0.7119445801    0.8609924316    0.9615173340
   0.9619445801    0.1109924316    0.7115173340
   0.4619445801    0.6109924316    0.2115173340
   0.3369445801    0.2359924316    0.8365173340
   0.8369445801    0.7359924316    0.3365173340
   0.5869445801    0.4859924316    0.0865173340
   0.0869445801    0.9859924316    0.5865173340
   0.1181945801    0.4547424316    0.9927673340
   0.6181945801    0.9547424316    0.4927673340
   0.8681945801    0.2047424316    0.2427673340
   0.3681945801    0.7047424316    0.7427673340
   0.4931945801    0.0797424316    0.3677673340
   0.9931945801    0.5797424316    0.8677673340
   0.7431945801    0.3297424316    0.6177673340
   0.2431945801    0.8297424316    0.1177673340
   0.1806945801    0.1422424316    0.6802673340
   0.6806945801    0.6422424316    0.1802673340
   0.9306945801    0.3922424316    0.4302673340
   0.4306945801    0.8922424316    0.9302673340
   0.3056945801    0.2672424316    0.0552673340
   0.8056945801    0.7672424316    0.5552673340
   0.5556945801    0.0172424316    0.8052673340
   0.0556945801    0.5172424316    0.3052673340
   0.0400695801    0.2828674316    0.7271423340
   0.5400695801    0.7828674316    0.2271423340
   0.7900695801    0.0328674316    0.4771423340
   0.2900695801    0.5328674316    0.9771423340
   0.4150695801    0.1578674316    0.1021423340
   0.9150695801    0.6578674316    0.6021423340
   0.6650695801    0.4078674316    0.8521423340
   0.1650695801    0.9078674316    0.3521423340
   0.2275695801    0.0953674316    0.9146423340
   0.7275695801    0.5953674316    0.4146423340
   0.9775695801    0.3453674316    0.1646423340
   0.4775695801    0.8453674316    0.6646423340
   0.3525695801    0.4703674316    0.2896423340
   0.8525695801    0.9703674316    0.7896423340
   0.6025695801    0.2203674316    0.5396423340
   0.1025695801    0.7203674316    0.0396423340
   0.0713195801    0.1891174316    0.3833923340
   0.5713195801    0.6891174316    0.8833923340
   0.8213195801    0.4391174316    0.6333923340
   0.3213195801    0.9391174316    0.1333923340
   0.4463195801    0.3141174316    0.7583923340
   0.9463195801    0.8141174316    0.2583923340
   0.6963195801    0.0641174316    0.0083923340
   0.1963195801    0.5641174316    0.5083923340
   0.1338195801    0.3766174316    0.1958923340
   0.6338195801    0.8766174316    0.6958923340
   0.8838195801    0.1266174316    0.9458923340
   0.3838195801    0.6266174316    0.4458923340
   0.2588195801    0.0016174316    0.5708923340
   0.7588195801    0.5016174316    0.0708923340
   0.5088195801    0.2516174316    0.3208923340
   0.0088195801    0.7516174316    0.8208923340
   0.0127258301    0.2477111816    0.6138610840
   0.5127258301    0.7477111816    0.1138610840
   0.7627258301    0.4977111816    0.3638610840
   0.2627258301    0.9977111816    0.8638610840
   0.3877258301    0.3727111816    0.2388610840
   0.8877258301    0.8727111816    0.7388610840
   0.6377258301    0.1227111816    0.9888610840
   0.1377258301    0.6227111816    0.4888610840
   0.2002258301    0.4352111816    0.8013610840
   0.7002258301    0.9352111816    0.3013610840
   0.9502258301    0.1852111816    0.0513610840
   0.4502258301    0.6852111816    0.5513610840
   0.3252258301    0.0602111816    0.4263610840
   0.8252258301    0.5602111816    0.9263610840
   0.5752258301    0.3102111816    0.6763610840
   0.0752258301    0.8102111816    0.1763610840
   0.1064758301    0.2789611816    0.2701110840
   0.6064758301    0.7789611816    0.7701110840
   0.8564758301    0.0289611816    0.5201110840
   0.3564758301    0.5289611816    0.0201110840
   0.4814758301    0.1539611816    0.8951110840
   0.9814758301    0.6539611816    0.3951110840
   0.7314758301    0.4039611816    0.1451110840
   0.2314758301    0.9039611816    0.6451110840
   0.1689758301    0.0914611816    0.0826110840
   0.6689758301    0.5914611816    0.5826110840
   0.9189758301    0.3414611816    0.8326110840
   0.4189758301    0.8414611816    0.3326110840
   0.2939758301    0.4664611816    0.7076110840
   0.7939758301    0.9664611816    0.2076110840
   0.5439758301    0.2164611816    0.4576110840
   0.0439758301    0.7164611816    0.9576110840
   0.0596008301    0.4820861816    0.0044860840
   0.5596008301    0.9820861816    0.5044860840
   0.8096008301    0.2320861816    0.7544860840
   0.3096008301    0.7320861816    0.2544860840
   0.4346008301    0.1070861816    0.6294860840
   0.9346008301    0.6070861816    0.1294860840
   0.6846008301    0.3570861816    0.3794860840
   0.1846008301    0.8570861816    0.8794860840
   0.2471008301    0.1695861816    0.3169860840
   0.7471008301    0.6695861816    0.8169860840
   0.9971008301    0.4195861816    0.5669860840
   0.4971008301    0.9195861816    0.0669860840
   0.3721008301    0.2945861816    0.9419860840
   0.8721008301    0.7945861816    0.4419860840
   0.6221008301    0.0445861816    0.1919860840
   0.1221008301    0.5445861816    0.6919860840
   0.0908508301    0.0133361816    0.8482360840
   0.5908508301    0.5133361816    0.3482360840
   0.8408508301    0.2633361816    0.0982360840
   0.3408508301    0.7633361816    0.5982360840
   0.4658508301    0.3883361816    0.4732360840
   0.9658508301    0.8883361816    0.9732360840
   0.7158508301    0.1383361816    0.7232360840
   0.2158508301    0.6383361816    0.2232360840
   0.1533508301    0.3258361816    0.5357360840
   0.6533508301    0.8258361816    0.0357360840
   0.9033508301    0.0758361816    0.2857360840
   0.4033508301    0.5758361816    0.7857360840
   0.2783508301    0.2008361816    0.1607360840
   0.7783508301    0.7008361816    0.6607360840
   0.5283508301    0.4508361816    0.9107360840
   0.0283508301    0.9508361816    0.4107360840
   0.0205383301    0.3492736816    0.9341735840
   0.5205383301    0.8492736816    0.4341735840
   0.7705383301    0.0992736816    0.1841735840
   0.2705383301    0.5992736816    0.6841735840
   0.3955383301    0.2242736816    0.3091735840
   0.8955383301    0.7242736816    0.8091735840
   0.6455383301    0.4742736816    0.5591735840
   0.1455383301    0.9742736816    0.0591735840
   0.2080383301    0.0367736816    0.7466735840
   0.7080383301    0.5367736816    0.2466735840
   0.9580383301    0.2867736816    0.4966735840
   0.4580383301    0.7867736816    0.9966735840
   0.3330383301    0.4117736816    0.1216735840
   0.8330383301    0.9117736816    0.6216735840
   0.5830383301    0.1617736816    0.8716735840
   0.0830383301    0.6617736816    0.3716735840
   0.1142883301    0.1305236816    0.2154235840
   0.6142883301    0.6305236816    0.7154235840
   0.8642883301    0.3805236816    0.9654235840
   0.3642883301    0.8805236816    0.4654235840
   0.4892883301    0.2555236816    0.5904235840
   0.9892883301    0.7555236816    0.0904235840
   0.7392883301    0.0055236816    0.3404235840
   0.2392883301    0.5055236816    0.8404235840
   0.1767883301    0.4430236816    0.4029235840
   0.6767883301    0.9430236816    0.9029235840
   0.9267883301    0.1930236816    0.6529235840
   0.4267883301    0.6930236816    0.1529235840
   0.3017883301    0.0680236816    0.7779235840
   0.8017883301    0.5680236816    0.2779235840
   0.5517883301    0.3180236816    0.0279235840
   0.0517883301    0.8180236816    0.5279235840
   0.0361633301    0.1148986816    0.4497985840
   0.5361633301    0.6148986816    0.9497985840
   0.7861633301    0.3648986816    0.6997985840
   0.2861633301    0.8648986816    0.1997985840
   0.4111633301    0.4898986816    0.8247985840
   0.9111633301    0.9898986816    0.3247985840
   0.6611633301    0.2398986816    0.0747985840
   0.1611633301    0.7398986816    0.5747985840
   0.2236633301    0.3023986816    0.1372985840
   0.7236633301    0.8023986816    0.6372985840
   0.9736633301    0.0523986816    0.8872985840
   0.4736633301    0.5523986816    0.3872985840
   0.3486633301    0.1773986816    0.5122985840
   0.8486633301    0.6773986816    0.0122985840
   0.5986633301    0.4273986816    0.2622985840
   0.0986633301    0.9273986816    0.7622985840
   0.0674133301    0.3961486816    0.6685485840
   0.5674133301    0.8961486816    0.1685485840
   0.8174133301    0.1461486816    0.4185485840
   0.3174133301    0.6461486816    0.9185485840
   0.4424133301    0.0211486816    0.0435485840
   0.9424133301    0.5211486816    0.5435485840
   0.6924133301    0.2711486816    0.7935485840
   0.1924133301    0.7711486816    0.2935485840
   0.1299133301    0.2086486816    0.9810485840
   0.6299133301    0.7086486816    0.4810485840
   0.8799133301    0.4586486816    0.2310485840
   0.3799133301    0.9586486816    0.7310485840
   0.2549133301    0.3336486816    0.3560485840
   0.7549133301    0.8336486816    0.8560485840
   0.5049133301    0.0836486816    0.6060485840
